103 1 119
815 639 877 489 632 758 767 880 914 864 770 980
232 906 244 746 2 407 494 259 795 607 698 895 817 877 743 954 731 663
748 563 752 988 881 3 548 996 492 785 122 196 972 462 420 759 35 955 169 477 101 747 202 786 787 689 113 565
651 62 948 871 996 137 503 907 985 802 433 356 662 637 668 887 853 616 246 644 946 691 375 482 936
773 942 535 917 799 870 957 897 780 740 675 998 801 829 887 930 961 924 861 4 421 714 206 888
965 650 838 203 986 627 908 580 844 869 685 832 911 728 717 480 683 5 722 329
231 6 346
303 231 135
154 7 41 20
591 812 761 197 440 8 172 749 592 932 449 842 529 729 452 796 797 738 825 745 769 890 984 1000 819 556 448 594 50 331 422 673 978 648
772 357 9
772 397 472 164
10 210
87 599 105
827 987 899 294 730 862 990 989 615 960 919 60 552 453 11 629 523 483 243 729 428 999 923 867 85 671 997 840 140 762 188 338 589 539 859 956 808 148 159 531 945 562
905 484 572 195 610 168 104 553 12 865 939
25 13 319
409 14 191
693 874 486 742 757 573 547 312 920 929 977 313 904 654 744 921 15 734 973 913
386 130 754 823 292 93 57 883 695 626 830 443 555 891 405 225 586 500 525 892 750 393 456 466 640 78 841 16 488 994 158 995 520 557 142 902
886 574 614 725 944 537 91 813 991 549 646 868 17 674 976 413 512 850 387 977 517 491 916 167 974 245 44 384 427 496 454 444 716 816 481 501 131 992 251 28
224 18
19 186 214
834 681 798 240 647 661 446 959
922 793 21 664 935 784 760 927 699 670 910 485 763 875 979 602
415 624 283
628 22 328 544
582 55 23 156 63
23 298 317
631 327 558 940 848 597 396 697 622 32 900 24 937 818 778 221 532
576 281 26 150
27 536 739 323 575
29 286
926 677 684 774 380 713 228 543 792 341 933 411 814 789 641
964 379 595 182 349 993 672 429 134 465 325 201 970 324 690 442 348 30 755 893 967 176 577 911 192 237 473 915 736 567 361 732 441 882 123
766 603 724 450 843 31
33 50 222 438
34 43
36 389 275
198 37
479 855 709 719 704 530 723 951 604 700 845 813 879 963 934 680 238
38 526
538 560 526 620
291 332 515 360 666 949 612 958 437 794 779 302 469 705 171 289 39 365 215 741 300 826 936
40 569 47 596
267 270 278 953 950 811 590 721 737 968 257 800 175 952 775 971 630 658 263 696 852 423 518 502 669 509 962 394 70 152 296 587 42 451 667 370
45 247 97
45 358 295
583 242 46 507
831 909 733 873 857 983 711 931 966 756 550 118 657 925 634
220 48 276
352 49
410 160 566
51 250 362
304 52
439 53 117
90 343 143 54 510
256 582
132 258 726 969 528 434 508 790 457 588 56 898 144 702 938 764 149
849 404 568 58 687
98 59
299 265 579 61
468 419 642 540 476 975 77 460 981 495 686 165 463 688 64 621 781 875 889 905 174 884 541 534
229 65 435
66 470 178
378 67 395
68 408
504 391 408
147 273 69
71 559 309 585 337
72 200
478 73
279 133 478
74 487 605 554 858 426 941 751 876 511 860 943 839 982 498 464 872 635 611 701
260 75
76 601 207
519 79 406
783 824 805 947 820 80 141 810 727 678 821
342 727 712 471
95 633 81
253 82 187
83 179 372 374
84
874 340 412 776 86
706 542 88 330
89 153
90 212 274
92 326 351
402 475 110 94
96 606 617 788 277 564
285 506 99 619
653 100 308
533 359 102
106 497 366
107 138
425 108
311 425 284 211
385 109
193 522 507 111
112 314 227
129 114
128 115 254
166 116
120 392 177
236 493 121
447 320 124
125 403 682 205 416
213 676 126
127 162 398
401 189 136
163 139
145 321 432
146 333
618 151
335 155
309 157 241
269 161
170 266 570
350 288 173
310 180 306
571 293 181
185 363 551 183 364
199 184 424
190 334 216
513 514 249 248 638 194
521 204 235
208 414 474
209 369 368 584
316 217
218 339 354
513 219
609 578 223
581 226 376
315 301 230
656 233 652
347 234 694
239 399
561 282 461
252 322
268 255
353 336 261
262 505
264 371
305 271
272 287 527
280 355
643 806 846 290 499 777 753
455 715 297 608
307 533 390
516 318
516 382 445
344 400
345 377
388 367
665 679 373 659 623
383 381
625 837 524 856 636 898 896 878 756 431
436 546 417
765 710 822 418 458 598 430
459 490 600
467 901 809 660 804 863 655 707 885 866 934 593
851 545 771 768 720 645 703
791 613 903 782 692 807 966 718 735 803 836 1000
912 894 708 918 854 847 928 833 828 1000
890 984 1000
1000 819 556 999
529 729 452 796 797 738 825 745 769 890 984 1000 819
932 449 842 529 729 452 796 797 738 825 745 769 890 984 1000 819 556 448 594 50 331 422