0 2
0 3
0 4
0 5
0 8
0 11
0 12
0 13
0 17
0 19
0 20
0 21
0 27
0 28
0 31
0 32
1 2
1 3
1 7
1 13
1 17
1 19
1 21
1 30
2 3
2 32
2 7
2 8
2 9
2 13
2 27
2 28
3 7
3 12
3 13
4 10
4 6
5 10
5 6
5 25
5 24
6 16
6 24
6 25
8 32
8 30
8 33
9 33
13 33
14 32
14 33
15 32
15 33
18 32
18 33
19 33
20 32
20 33
22 32
22 33
23 32
23 25
23 27
23 29
23 33
24 25
24 27
24 31
25 31
26 33
26 29
27 33
28 33
28 31
29 32
29 33
30 33
30 32
31 33
31 32
32 33
