1 103 1 119
1 103 1 119
1 103 1 119
2 815 639 877 489 632 758 767 880 914 864 770 980
2 815 639 877 489 632 758 767 880 914 864 770 980
2 815 639 877 489 632 758 767 880 914 864 770 980
2 815 639 877 489 632 758 767 880 914 864 770 980
2 815 639 877 489 632 758 767 880 914 864 770 980
2 815 639 877 489 632 758 767 880 914 864 770 980
2 815 639 877 489 632 758 767 880 914 864 770 980
2 815 639 877 489 632 758 767 880 914 864 770 980
2 815 639 877 489 632 758 767 880 914 864 770 980
2 815 639 877 489 632 758 767 880 914 864 770 980
2 815 639 877 489 632 758 767 880 914 864 770 980
2 815 639 877 489 632 758 767 880 914 864 770 980
3 232 906 244 746 2 407 494 259 795 607 698 895 817 877 743 954 731 663
3 232 906 244 746 2 407 494 259 795 607 698 895 817 877 743 954 731 663
3 232 906 244 746 2 407 494 259 795 607 698 895 817 877 743 954 731 663
3 232 906 244 746 2 407 494 259 795 607 698 895 817 877 743 954 731 663
3 232 906 244 746 2 407 494 259 795 607 698 895 817 877 743 954 731 663
3 232 906 244 746 2 407 494 259 795 607 698 895 817 877 743 954 731 663
3 232 906 244 746 2 407 494 259 795 607 698 895 817 877 743 954 731 663
3 232 906 244 746 2 407 494 259 795 607 698 895 817 877 743 954 731 663
3 232 906 244 746 2 407 494 259 795 607 698 895 817 877 743 954 731 663
3 232 906 244 746 2 407 494 259 795 607 698 895 817 877 743 954 731 663
3 232 906 244 746 2 407 494 259 795 607 698 895 817 877 743 954 731 663
3 232 906 244 746 2 407 494 259 795 607 698 895 817 877 743 954 731 663
3 232 906 244 746 2 407 494 259 795 607 698 895 817 877 743 954 731 663
3 232 906 244 746 2 407 494 259 795 607 698 895 817 877 743 954 731 663
3 232 906 244 746 2 407 494 259 795 607 698 895 817 877 743 954 731 663
3 232 906 244 746 2 407 494 259 795 607 698 895 817 877 743 954 731 663
3 232 906 244 746 2 407 494 259 795 607 698 895 817 877 743 954 731 663
3 232 906 244 746 2 407 494 259 795 607 698 895 817 877 743 954 731 663
4 748 563 752 988 881 3 548 996 492 785 122 196 972 462 420 759 35 955 169 477 101 747 202 786 787 689 113 565
4 748 563 752 988 881 3 548 996 492 785 122 196 972 462 420 759 35 955 169 477 101 747 202 786 787 689 113 565
4 748 563 752 988 881 3 548 996 492 785 122 196 972 462 420 759 35 955 169 477 101 747 202 786 787 689 113 565
4 748 563 752 988 881 3 548 996 492 785 122 196 972 462 420 759 35 955 169 477 101 747 202 786 787 689 113 565
4 748 563 752 988 881 3 548 996 492 785 122 196 972 462 420 759 35 955 169 477 101 747 202 786 787 689 113 565
4 748 563 752 988 881 3 548 996 492 785 122 196 972 462 420 759 35 955 169 477 101 747 202 786 787 689 113 565
4 748 563 752 988 881 3 548 996 492 785 122 196 972 462 420 759 35 955 169 477 101 747 202 786 787 689 113 565
4 748 563 752 988 881 3 548 996 492 785 122 196 972 462 420 759 35 955 169 477 101 747 202 786 787 689 113 565
4 748 563 752 988 881 3 548 996 492 785 122 196 972 462 420 759 35 955 169 477 101 747 202 786 787 689 113 565
4 748 563 752 988 881 3 548 996 492 785 122 196 972 462 420 759 35 955 169 477 101 747 202 786 787 689 113 565
4 748 563 752 988 881 3 548 996 492 785 122 196 972 462 420 759 35 955 169 477 101 747 202 786 787 689 113 565
4 748 563 752 988 881 3 548 996 492 785 122 196 972 462 420 759 35 955 169 477 101 747 202 786 787 689 113 565
4 748 563 752 988 881 3 548 996 492 785 122 196 972 462 420 759 35 955 169 477 101 747 202 786 787 689 113 565
4 748 563 752 988 881 3 548 996 492 785 122 196 972 462 420 759 35 955 169 477 101 747 202 786 787 689 113 565
4 748 563 752 988 881 3 548 996 492 785 122 196 972 462 420 759 35 955 169 477 101 747 202 786 787 689 113 565
4 748 563 752 988 881 3 548 996 492 785 122 196 972 462 420 759 35 955 169 477 101 747 202 786 787 689 113 565
4 748 563 752 988 881 3 548 996 492 785 122 196 972 462 420 759 35 955 169 477 101 747 202 786 787 689 113 565
4 748 563 752 988 881 3 548 996 492 785 122 196 972 462 420 759 35 955 169 477 101 747 202 786 787 689 113 565
4 748 563 752 988 881 3 548 996 492 785 122 196 972 462 420 759 35 955 169 477 101 747 202 786 787 689 113 565
4 748 563 752 988 881 3 548 996 492 785 122 196 972 462 420 759 35 955 169 477 101 747 202 786 787 689 113 565
4 748 563 752 988 881 3 548 996 492 785 122 196 972 462 420 759 35 955 169 477 101 747 202 786 787 689 113 565
4 748 563 752 988 881 3 548 996 492 785 122 196 972 462 420 759 35 955 169 477 101 747 202 786 787 689 113 565
4 748 563 752 988 881 3 548 996 492 785 122 196 972 462 420 759 35 955 169 477 101 747 202 786 787 689 113 565
4 748 563 752 988 881 3 548 996 492 785 122 196 972 462 420 759 35 955 169 477 101 747 202 786 787 689 113 565
4 748 563 752 988 881 3 548 996 492 785 122 196 972 462 420 759 35 955 169 477 101 747 202 786 787 689 113 565
4 748 563 752 988 881 3 548 996 492 785 122 196 972 462 420 759 35 955 169 477 101 747 202 786 787 689 113 565
4 748 563 752 988 881 3 548 996 492 785 122 196 972 462 420 759 35 955 169 477 101 747 202 786 787 689 113 565
4 748 563 752 988 881 3 548 996 492 785 122 196 972 462 420 759 35 955 169 477 101 747 202 786 787 689 113 565
5 651 62 948 871 996 137 503 907 985 802 433 356 662 637 668 887 853 616 246 644 946 691 375 482 936
5 651 62 948 871 996 137 503 907 985 802 433 356 662 637 668 887 853 616 246 644 946 691 375 482 936
5 651 62 948 871 996 137 503 907 985 802 433 356 662 637 668 887 853 616 246 644 946 691 375 482 936
5 651 62 948 871 996 137 503 907 985 802 433 356 662 637 668 887 853 616 246 644 946 691 375 482 936
5 651 62 948 871 996 137 503 907 985 802 433 356 662 637 668 887 853 616 246 644 946 691 375 482 936
5 651 62 948 871 996 137 503 907 985 802 433 356 662 637 668 887 853 616 246 644 946 691 375 482 936
5 651 62 948 871 996 137 503 907 985 802 433 356 662 637 668 887 853 616 246 644 946 691 375 482 936
5 651 62 948 871 996 137 503 907 985 802 433 356 662 637 668 887 853 616 246 644 946 691 375 482 936
5 651 62 948 871 996 137 503 907 985 802 433 356 662 637 668 887 853 616 246 644 946 691 375 482 936
5 651 62 948 871 996 137 503 907 985 802 433 356 662 637 668 887 853 616 246 644 946 691 375 482 936
5 651 62 948 871 996 137 503 907 985 802 433 356 662 637 668 887 853 616 246 644 946 691 375 482 936
5 651 62 948 871 996 137 503 907 985 802 433 356 662 637 668 887 853 616 246 644 946 691 375 482 936
5 651 62 948 871 996 137 503 907 985 802 433 356 662 637 668 887 853 616 246 644 946 691 375 482 936
5 651 62 948 871 996 137 503 907 985 802 433 356 662 637 668 887 853 616 246 644 946 691 375 482 936
5 651 62 948 871 996 137 503 907 985 802 433 356 662 637 668 887 853 616 246 644 946 691 375 482 936
5 651 62 948 871 996 137 503 907 985 802 433 356 662 637 668 887 853 616 246 644 946 691 375 482 936
5 651 62 948 871 996 137 503 907 985 802 433 356 662 637 668 887 853 616 246 644 946 691 375 482 936
5 651 62 948 871 996 137 503 907 985 802 433 356 662 637 668 887 853 616 246 644 946 691 375 482 936
5 651 62 948 871 996 137 503 907 985 802 433 356 662 637 668 887 853 616 246 644 946 691 375 482 936
5 651 62 948 871 996 137 503 907 985 802 433 356 662 637 668 887 853 616 246 644 946 691 375 482 936
5 651 62 948 871 996 137 503 907 985 802 433 356 662 637 668 887 853 616 246 644 946 691 375 482 936
5 651 62 948 871 996 137 503 907 985 802 433 356 662 637 668 887 853 616 246 644 946 691 375 482 936
5 651 62 948 871 996 137 503 907 985 802 433 356 662 637 668 887 853 616 246 644 946 691 375 482 936
5 651 62 948 871 996 137 503 907 985 802 433 356 662 637 668 887 853 616 246 644 946 691 375 482 936
5 651 62 948 871 996 137 503 907 985 802 433 356 662 637 668 887 853 616 246 644 946 691 375 482 936
6 773 942 535 917 799 870 957 897 780 740 675 998 801 829 887 930 961 924 861 4 421 714 206 888
6 773 942 535 917 799 870 957 897 780 740 675 998 801 829 887 930 961 924 861 4 421 714 206 888
6 773 942 535 917 799 870 957 897 780 740 675 998 801 829 887 930 961 924 861 4 421 714 206 888
6 773 942 535 917 799 870 957 897 780 740 675 998 801 829 887 930 961 924 861 4 421 714 206 888
6 773 942 535 917 799 870 957 897 780 740 675 998 801 829 887 930 961 924 861 4 421 714 206 888
6 773 942 535 917 799 870 957 897 780 740 675 998 801 829 887 930 961 924 861 4 421 714 206 888
6 773 942 535 917 799 870 957 897 780 740 675 998 801 829 887 930 961 924 861 4 421 714 206 888
6 773 942 535 917 799 870 957 897 780 740 675 998 801 829 887 930 961 924 861 4 421 714 206 888
6 773 942 535 917 799 870 957 897 780 740 675 998 801 829 887 930 961 924 861 4 421 714 206 888
6 773 942 535 917 799 870 957 897 780 740 675 998 801 829 887 930 961 924 861 4 421 714 206 888
6 773 942 535 917 799 870 957 897 780 740 675 998 801 829 887 930 961 924 861 4 421 714 206 888
6 773 942 535 917 799 870 957 897 780 740 675 998 801 829 887 930 961 924 861 4 421 714 206 888
6 773 942 535 917 799 870 957 897 780 740 675 998 801 829 887 930 961 924 861 4 421 714 206 888
6 773 942 535 917 799 870 957 897 780 740 675 998 801 829 887 930 961 924 861 4 421 714 206 888
6 773 942 535 917 799 870 957 897 780 740 675 998 801 829 887 930 961 924 861 4 421 714 206 888
6 773 942 535 917 799 870 957 897 780 740 675 998 801 829 887 930 961 924 861 4 421 714 206 888
6 773 942 535 917 799 870 957 897 780 740 675 998 801 829 887 930 961 924 861 4 421 714 206 888
6 773 942 535 917 799 870 957 897 780 740 675 998 801 829 887 930 961 924 861 4 421 714 206 888
6 773 942 535 917 799 870 957 897 780 740 675 998 801 829 887 930 961 924 861 4 421 714 206 888
6 773 942 535 917 799 870 957 897 780 740 675 998 801 829 887 930 961 924 861 4 421 714 206 888
6 773 942 535 917 799 870 957 897 780 740 675 998 801 829 887 930 961 924 861 4 421 714 206 888
6 773 942 535 917 799 870 957 897 780 740 675 998 801 829 887 930 961 924 861 4 421 714 206 888
6 773 942 535 917 799 870 957 897 780 740 675 998 801 829 887 930 961 924 861 4 421 714 206 888
6 773 942 535 917 799 870 957 897 780 740 675 998 801 829 887 930 961 924 861 4 421 714 206 888
7 965 650 838 203 986 627 908 580 844 869 685 832 911 728 717 480 683 5 722 329
7 965 650 838 203 986 627 908 580 844 869 685 832 911 728 717 480 683 5 722 329
7 965 650 838 203 986 627 908 580 844 869 685 832 911 728 717 480 683 5 722 329
7 965 650 838 203 986 627 908 580 844 869 685 832 911 728 717 480 683 5 722 329
7 965 650 838 203 986 627 908 580 844 869 685 832 911 728 717 480 683 5 722 329
7 965 650 838 203 986 627 908 580 844 869 685 832 911 728 717 480 683 5 722 329
7 965 650 838 203 986 627 908 580 844 869 685 832 911 728 717 480 683 5 722 329
7 965 650 838 203 986 627 908 580 844 869 685 832 911 728 717 480 683 5 722 329
7 965 650 838 203 986 627 908 580 844 869 685 832 911 728 717 480 683 5 722 329
7 965 650 838 203 986 627 908 580 844 869 685 832 911 728 717 480 683 5 722 329
7 965 650 838 203 986 627 908 580 844 869 685 832 911 728 717 480 683 5 722 329
7 965 650 838 203 986 627 908 580 844 869 685 832 911 728 717 480 683 5 722 329
7 965 650 838 203 986 627 908 580 844 869 685 832 911 728 717 480 683 5 722 329
7 965 650 838 203 986 627 908 580 844 869 685 832 911 728 717 480 683 5 722 329
7 965 650 838 203 986 627 908 580 844 869 685 832 911 728 717 480 683 5 722 329
7 965 650 838 203 986 627 908 580 844 869 685 832 911 728 717 480 683 5 722 329
7 965 650 838 203 986 627 908 580 844 869 685 832 911 728 717 480 683 5 722 329
7 965 650 838 203 986 627 908 580 844 869 685 832 911 728 717 480 683 5 722 329
7 965 650 838 203 986 627 908 580 844 869 685 832 911 728 717 480 683 5 722 329
7 965 650 838 203 986 627 908 580 844 869 685 832 911 728 717 480 683 5 722 329
8 231 6 346
8 231 6 346
8 231 6 346
9 303 231 135
9 303 231 135
9 303 231 135
10 154 7 41 20
10 154 7 41 20
10 154 7 41 20
10 154 7 41 20
11 591 812 761 197 440 8 172 749 592 932 449 842 529 729 452 796 797 738 825 745 769 890 984 1000 819 556 448 594 50 331 422 673 978 648
11 591 812 761 197 440 8 172 749 592 932 449 842 529 729 452 796 797 738 825 745 769 890 984 1000 819 556 448 594 50 331 422 673 978 648
11 591 812 761 197 440 8 172 749 592 932 449 842 529 729 452 796 797 738 825 745 769 890 984 1000 819 556 448 594 50 331 422 673 978 648
11 591 812 761 197 440 8 172 749 592 932 449 842 529 729 452 796 797 738 825 745 769 890 984 1000 819 556 448 594 50 331 422 673 978 648
11 591 812 761 197 440 8 172 749 592 932 449 842 529 729 452 796 797 738 825 745 769 890 984 1000 819 556 448 594 50 331 422 673 978 648
11 591 812 761 197 440 8 172 749 592 932 449 842 529 729 452 796 797 738 825 745 769 890 984 1000 819 556 448 594 50 331 422 673 978 648
11 591 812 761 197 440 8 172 749 592 932 449 842 529 729 452 796 797 738 825 745 769 890 984 1000 819 556 448 594 50 331 422 673 978 648
11 591 812 761 197 440 8 172 749 592 932 449 842 529 729 452 796 797 738 825 745 769 890 984 1000 819 556 448 594 50 331 422 673 978 648
11 591 812 761 197 440 8 172 749 592 932 449 842 529 729 452 796 797 738 825 745 769 890 984 1000 819 556 448 594 50 331 422 673 978 648
11 591 812 761 197 440 8 172 749 592 932 449 842 529 729 452 796 797 738 825 745 769 890 984 1000 819 556 448 594 50 331 422 673 978 648
11 591 812 761 197 440 8 172 749 592 932 449 842 529 729 452 796 797 738 825 745 769 890 984 1000 819 556 448 594 50 331 422 673 978 648
11 591 812 761 197 440 8 172 749 592 932 449 842 529 729 452 796 797 738 825 745 769 890 984 1000 819 556 448 594 50 331 422 673 978 648
11 591 812 761 197 440 8 172 749 592 932 449 842 529 729 452 796 797 738 825 745 769 890 984 1000 819 556 448 594 50 331 422 673 978 648
11 591 812 761 197 440 8 172 749 592 932 449 842 529 729 452 796 797 738 825 745 769 890 984 1000 819 556 448 594 50 331 422 673 978 648
11 591 812 761 197 440 8 172 749 592 932 449 842 529 729 452 796 797 738 825 745 769 890 984 1000 819 556 448 594 50 331 422 673 978 648
11 591 812 761 197 440 8 172 749 592 932 449 842 529 729 452 796 797 738 825 745 769 890 984 1000 819 556 448 594 50 331 422 673 978 648
11 591 812 761 197 440 8 172 749 592 932 449 842 529 729 452 796 797 738 825 745 769 890 984 1000 819 556 448 594 50 331 422 673 978 648
11 591 812 761 197 440 8 172 749 592 932 449 842 529 729 452 796 797 738 825 745 769 890 984 1000 819 556 448 594 50 331 422 673 978 648
11 591 812 761 197 440 8 172 749 592 932 449 842 529 729 452 796 797 738 825 745 769 890 984 1000 819 556 448 594 50 331 422 673 978 648
11 591 812 761 197 440 8 172 749 592 932 449 842 529 729 452 796 797 738 825 745 769 890 984 1000 819 556 448 594 50 331 422 673 978 648
11 591 812 761 197 440 8 172 749 592 932 449 842 529 729 452 796 797 738 825 745 769 890 984 1000 819 556 448 594 50 331 422 673 978 648
11 591 812 761 197 440 8 172 749 592 932 449 842 529 729 452 796 797 738 825 745 769 890 984 1000 819 556 448 594 50 331 422 673 978 648
11 591 812 761 197 440 8 172 749 592 932 449 842 529 729 452 796 797 738 825 745 769 890 984 1000 819 556 448 594 50 331 422 673 978 648
11 591 812 761 197 440 8 172 749 592 932 449 842 529 729 452 796 797 738 825 745 769 890 984 1000 819 556 448 594 50 331 422 673 978 648
11 591 812 761 197 440 8 172 749 592 932 449 842 529 729 452 796 797 738 825 745 769 890 984 1000 819 556 448 594 50 331 422 673 978 648
11 591 812 761 197 440 8 172 749 592 932 449 842 529 729 452 796 797 738 825 745 769 890 984 1000 819 556 448 594 50 331 422 673 978 648
11 591 812 761 197 440 8 172 749 592 932 449 842 529 729 452 796 797 738 825 745 769 890 984 1000 819 556 448 594 50 331 422 673 978 648
11 591 812 761 197 440 8 172 749 592 932 449 842 529 729 452 796 797 738 825 745 769 890 984 1000 819 556 448 594 50 331 422 673 978 648
11 591 812 761 197 440 8 172 749 592 932 449 842 529 729 452 796 797 738 825 745 769 890 984 1000 819 556 448 594 50 331 422 673 978 648
11 591 812 761 197 440 8 172 749 592 932 449 842 529 729 452 796 797 738 825 745 769 890 984 1000 819 556 448 594 50 331 422 673 978 648
11 591 812 761 197 440 8 172 749 592 932 449 842 529 729 452 796 797 738 825 745 769 890 984 1000 819 556 448 594 50 331 422 673 978 648
11 591 812 761 197 440 8 172 749 592 932 449 842 529 729 452 796 797 738 825 745 769 890 984 1000 819 556 448 594 50 331 422 673 978 648
11 591 812 761 197 440 8 172 749 592 932 449 842 529 729 452 796 797 738 825 745 769 890 984 1000 819 556 448 594 50 331 422 673 978 648
11 591 812 761 197 440 8 172 749 592 932 449 842 529 729 452 796 797 738 825 745 769 890 984 1000 819 556 448 594 50 331 422 673 978 648
12 772 357 9
12 772 357 9
12 772 357 9
13 772 397 472 164
13 772 397 472 164
13 772 397 472 164
13 772 397 472 164
14 10 210
14 10 210
15 87 599 105
15 87 599 105
15 87 599 105
16 827 987 899 294 730 862 990 989 615 960 919 60 552 453 11 629 523 483 243 729 428 999 923 867 85 671 997 840 140 762 188 338 589 539 859 956 808 148 159 531 945 562
16 827 987 899 294 730 862 990 989 615 960 919 60 552 453 11 629 523 483 243 729 428 999 923 867 85 671 997 840 140 762 188 338 589 539 859 956 808 148 159 531 945 562
16 827 987 899 294 730 862 990 989 615 960 919 60 552 453 11 629 523 483 243 729 428 999 923 867 85 671 997 840 140 762 188 338 589 539 859 956 808 148 159 531 945 562
16 827 987 899 294 730 862 990 989 615 960 919 60 552 453 11 629 523 483 243 729 428 999 923 867 85 671 997 840 140 762 188 338 589 539 859 956 808 148 159 531 945 562
16 827 987 899 294 730 862 990 989 615 960 919 60 552 453 11 629 523 483 243 729 428 999 923 867 85 671 997 840 140 762 188 338 589 539 859 956 808 148 159 531 945 562
16 827 987 899 294 730 862 990 989 615 960 919 60 552 453 11 629 523 483 243 729 428 999 923 867 85 671 997 840 140 762 188 338 589 539 859 956 808 148 159 531 945 562
16 827 987 899 294 730 862 990 989 615 960 919 60 552 453 11 629 523 483 243 729 428 999 923 867 85 671 997 840 140 762 188 338 589 539 859 956 808 148 159 531 945 562
16 827 987 899 294 730 862 990 989 615 960 919 60 552 453 11 629 523 483 243 729 428 999 923 867 85 671 997 840 140 762 188 338 589 539 859 956 808 148 159 531 945 562
16 827 987 899 294 730 862 990 989 615 960 919 60 552 453 11 629 523 483 243 729 428 999 923 867 85 671 997 840 140 762 188 338 589 539 859 956 808 148 159 531 945 562
16 827 987 899 294 730 862 990 989 615 960 919 60 552 453 11 629 523 483 243 729 428 999 923 867 85 671 997 840 140 762 188 338 589 539 859 956 808 148 159 531 945 562
16 827 987 899 294 730 862 990 989 615 960 919 60 552 453 11 629 523 483 243 729 428 999 923 867 85 671 997 840 140 762 188 338 589 539 859 956 808 148 159 531 945 562
16 827 987 899 294 730 862 990 989 615 960 919 60 552 453 11 629 523 483 243 729 428 999 923 867 85 671 997 840 140 762 188 338 589 539 859 956 808 148 159 531 945 562
16 827 987 899 294 730 862 990 989 615 960 919 60 552 453 11 629 523 483 243 729 428 999 923 867 85 671 997 840 140 762 188 338 589 539 859 956 808 148 159 531 945 562
16 827 987 899 294 730 862 990 989 615 960 919 60 552 453 11 629 523 483 243 729 428 999 923 867 85 671 997 840 140 762 188 338 589 539 859 956 808 148 159 531 945 562
16 827 987 899 294 730 862 990 989 615 960 919 60 552 453 11 629 523 483 243 729 428 999 923 867 85 671 997 840 140 762 188 338 589 539 859 956 808 148 159 531 945 562
16 827 987 899 294 730 862 990 989 615 960 919 60 552 453 11 629 523 483 243 729 428 999 923 867 85 671 997 840 140 762 188 338 589 539 859 956 808 148 159 531 945 562
16 827 987 899 294 730 862 990 989 615 960 919 60 552 453 11 629 523 483 243 729 428 999 923 867 85 671 997 840 140 762 188 338 589 539 859 956 808 148 159 531 945 562
16 827 987 899 294 730 862 990 989 615 960 919 60 552 453 11 629 523 483 243 729 428 999 923 867 85 671 997 840 140 762 188 338 589 539 859 956 808 148 159 531 945 562
16 827 987 899 294 730 862 990 989 615 960 919 60 552 453 11 629 523 483 243 729 428 999 923 867 85 671 997 840 140 762 188 338 589 539 859 956 808 148 159 531 945 562
16 827 987 899 294 730 862 990 989 615 960 919 60 552 453 11 629 523 483 243 729 428 999 923 867 85 671 997 840 140 762 188 338 589 539 859 956 808 148 159 531 945 562
16 827 987 899 294 730 862 990 989 615 960 919 60 552 453 11 629 523 483 243 729 428 999 923 867 85 671 997 840 140 762 188 338 589 539 859 956 808 148 159 531 945 562
16 827 987 899 294 730 862 990 989 615 960 919 60 552 453 11 629 523 483 243 729 428 999 923 867 85 671 997 840 140 762 188 338 589 539 859 956 808 148 159 531 945 562
16 827 987 899 294 730 862 990 989 615 960 919 60 552 453 11 629 523 483 243 729 428 999 923 867 85 671 997 840 140 762 188 338 589 539 859 956 808 148 159 531 945 562
16 827 987 899 294 730 862 990 989 615 960 919 60 552 453 11 629 523 483 243 729 428 999 923 867 85 671 997 840 140 762 188 338 589 539 859 956 808 148 159 531 945 562
16 827 987 899 294 730 862 990 989 615 960 919 60 552 453 11 629 523 483 243 729 428 999 923 867 85 671 997 840 140 762 188 338 589 539 859 956 808 148 159 531 945 562
16 827 987 899 294 730 862 990 989 615 960 919 60 552 453 11 629 523 483 243 729 428 999 923 867 85 671 997 840 140 762 188 338 589 539 859 956 808 148 159 531 945 562
16 827 987 899 294 730 862 990 989 615 960 919 60 552 453 11 629 523 483 243 729 428 999 923 867 85 671 997 840 140 762 188 338 589 539 859 956 808 148 159 531 945 562
16 827 987 899 294 730 862 990 989 615 960 919 60 552 453 11 629 523 483 243 729 428 999 923 867 85 671 997 840 140 762 188 338 589 539 859 956 808 148 159 531 945 562
16 827 987 899 294 730 862 990 989 615 960 919 60 552 453 11 629 523 483 243 729 428 999 923 867 85 671 997 840 140 762 188 338 589 539 859 956 808 148 159 531 945 562
16 827 987 899 294 730 862 990 989 615 960 919 60 552 453 11 629 523 483 243 729 428 999 923 867 85 671 997 840 140 762 188 338 589 539 859 956 808 148 159 531 945 562
16 827 987 899 294 730 862 990 989 615 960 919 60 552 453 11 629 523 483 243 729 428 999 923 867 85 671 997 840 140 762 188 338 589 539 859 956 808 148 159 531 945 562
16 827 987 899 294 730 862 990 989 615 960 919 60 552 453 11 629 523 483 243 729 428 999 923 867 85 671 997 840 140 762 188 338 589 539 859 956 808 148 159 531 945 562
16 827 987 899 294 730 862 990 989 615 960 919 60 552 453 11 629 523 483 243 729 428 999 923 867 85 671 997 840 140 762 188 338 589 539 859 956 808 148 159 531 945 562
16 827 987 899 294 730 862 990 989 615 960 919 60 552 453 11 629 523 483 243 729 428 999 923 867 85 671 997 840 140 762 188 338 589 539 859 956 808 148 159 531 945 562
16 827 987 899 294 730 862 990 989 615 960 919 60 552 453 11 629 523 483 243 729 428 999 923 867 85 671 997 840 140 762 188 338 589 539 859 956 808 148 159 531 945 562
16 827 987 899 294 730 862 990 989 615 960 919 60 552 453 11 629 523 483 243 729 428 999 923 867 85 671 997 840 140 762 188 338 589 539 859 956 808 148 159 531 945 562
16 827 987 899 294 730 862 990 989 615 960 919 60 552 453 11 629 523 483 243 729 428 999 923 867 85 671 997 840 140 762 188 338 589 539 859 956 808 148 159 531 945 562
16 827 987 899 294 730 862 990 989 615 960 919 60 552 453 11 629 523 483 243 729 428 999 923 867 85 671 997 840 140 762 188 338 589 539 859 956 808 148 159 531 945 562
16 827 987 899 294 730 862 990 989 615 960 919 60 552 453 11 629 523 483 243 729 428 999 923 867 85 671 997 840 140 762 188 338 589 539 859 956 808 148 159 531 945 562
16 827 987 899 294 730 862 990 989 615 960 919 60 552 453 11 629 523 483 243 729 428 999 923 867 85 671 997 840 140 762 188 338 589 539 859 956 808 148 159 531 945 562
16 827 987 899 294 730 862 990 989 615 960 919 60 552 453 11 629 523 483 243 729 428 999 923 867 85 671 997 840 140 762 188 338 589 539 859 956 808 148 159 531 945 562
16 827 987 899 294 730 862 990 989 615 960 919 60 552 453 11 629 523 483 243 729 428 999 923 867 85 671 997 840 140 762 188 338 589 539 859 956 808 148 159 531 945 562
17 905 484 572 195 610 168 104 553 12 865 939
17 905 484 572 195 610 168 104 553 12 865 939
17 905 484 572 195 610 168 104 553 12 865 939
17 905 484 572 195 610 168 104 553 12 865 939
17 905 484 572 195 610 168 104 553 12 865 939
17 905 484 572 195 610 168 104 553 12 865 939
17 905 484 572 195 610 168 104 553 12 865 939
17 905 484 572 195 610 168 104 553 12 865 939
17 905 484 572 195 610 168 104 553 12 865 939
17 905 484 572 195 610 168 104 553 12 865 939
17 905 484 572 195 610 168 104 553 12 865 939
18 25 13 319
18 25 13 319
18 25 13 319
19 409 14 191
19 409 14 191
19 409 14 191
20 693 874 486 742 757 573 547 312 920 929 977 313 904 654 744 921 15 734 973 913
20 693 874 486 742 757 573 547 312 920 929 977 313 904 654 744 921 15 734 973 913
20 693 874 486 742 757 573 547 312 920 929 977 313 904 654 744 921 15 734 973 913
20 693 874 486 742 757 573 547 312 920 929 977 313 904 654 744 921 15 734 973 913
20 693 874 486 742 757 573 547 312 920 929 977 313 904 654 744 921 15 734 973 913
20 693 874 486 742 757 573 547 312 920 929 977 313 904 654 744 921 15 734 973 913
20 693 874 486 742 757 573 547 312 920 929 977 313 904 654 744 921 15 734 973 913
20 693 874 486 742 757 573 547 312 920 929 977 313 904 654 744 921 15 734 973 913
20 693 874 486 742 757 573 547 312 920 929 977 313 904 654 744 921 15 734 973 913
20 693 874 486 742 757 573 547 312 920 929 977 313 904 654 744 921 15 734 973 913
20 693 874 486 742 757 573 547 312 920 929 977 313 904 654 744 921 15 734 973 913
20 693 874 486 742 757 573 547 312 920 929 977 313 904 654 744 921 15 734 973 913
20 693 874 486 742 757 573 547 312 920 929 977 313 904 654 744 921 15 734 973 913
20 693 874 486 742 757 573 547 312 920 929 977 313 904 654 744 921 15 734 973 913
20 693 874 486 742 757 573 547 312 920 929 977 313 904 654 744 921 15 734 973 913
20 693 874 486 742 757 573 547 312 920 929 977 313 904 654 744 921 15 734 973 913
20 693 874 486 742 757 573 547 312 920 929 977 313 904 654 744 921 15 734 973 913
20 693 874 486 742 757 573 547 312 920 929 977 313 904 654 744 921 15 734 973 913
20 693 874 486 742 757 573 547 312 920 929 977 313 904 654 744 921 15 734 973 913
20 693 874 486 742 757 573 547 312 920 929 977 313 904 654 744 921 15 734 973 913
21 386 130 754 823 292 93 57 883 695 626 830 443 555 891 405 225 586 500 525 892 750 393 456 466 640 78 841 16 488 994 158 995 520 557 142 902
21 386 130 754 823 292 93 57 883 695 626 830 443 555 891 405 225 586 500 525 892 750 393 456 466 640 78 841 16 488 994 158 995 520 557 142 902
21 386 130 754 823 292 93 57 883 695 626 830 443 555 891 405 225 586 500 525 892 750 393 456 466 640 78 841 16 488 994 158 995 520 557 142 902
21 386 130 754 823 292 93 57 883 695 626 830 443 555 891 405 225 586 500 525 892 750 393 456 466 640 78 841 16 488 994 158 995 520 557 142 902
21 386 130 754 823 292 93 57 883 695 626 830 443 555 891 405 225 586 500 525 892 750 393 456 466 640 78 841 16 488 994 158 995 520 557 142 902
21 386 130 754 823 292 93 57 883 695 626 830 443 555 891 405 225 586 500 525 892 750 393 456 466 640 78 841 16 488 994 158 995 520 557 142 902
21 386 130 754 823 292 93 57 883 695 626 830 443 555 891 405 225 586 500 525 892 750 393 456 466 640 78 841 16 488 994 158 995 520 557 142 902
21 386 130 754 823 292 93 57 883 695 626 830 443 555 891 405 225 586 500 525 892 750 393 456 466 640 78 841 16 488 994 158 995 520 557 142 902
21 386 130 754 823 292 93 57 883 695 626 830 443 555 891 405 225 586 500 525 892 750 393 456 466 640 78 841 16 488 994 158 995 520 557 142 902
21 386 130 754 823 292 93 57 883 695 626 830 443 555 891 405 225 586 500 525 892 750 393 456 466 640 78 841 16 488 994 158 995 520 557 142 902
21 386 130 754 823 292 93 57 883 695 626 830 443 555 891 405 225 586 500 525 892 750 393 456 466 640 78 841 16 488 994 158 995 520 557 142 902
21 386 130 754 823 292 93 57 883 695 626 830 443 555 891 405 225 586 500 525 892 750 393 456 466 640 78 841 16 488 994 158 995 520 557 142 902
21 386 130 754 823 292 93 57 883 695 626 830 443 555 891 405 225 586 500 525 892 750 393 456 466 640 78 841 16 488 994 158 995 520 557 142 902
21 386 130 754 823 292 93 57 883 695 626 830 443 555 891 405 225 586 500 525 892 750 393 456 466 640 78 841 16 488 994 158 995 520 557 142 902
21 386 130 754 823 292 93 57 883 695 626 830 443 555 891 405 225 586 500 525 892 750 393 456 466 640 78 841 16 488 994 158 995 520 557 142 902
21 386 130 754 823 292 93 57 883 695 626 830 443 555 891 405 225 586 500 525 892 750 393 456 466 640 78 841 16 488 994 158 995 520 557 142 902
21 386 130 754 823 292 93 57 883 695 626 830 443 555 891 405 225 586 500 525 892 750 393 456 466 640 78 841 16 488 994 158 995 520 557 142 902
21 386 130 754 823 292 93 57 883 695 626 830 443 555 891 405 225 586 500 525 892 750 393 456 466 640 78 841 16 488 994 158 995 520 557 142 902
21 386 130 754 823 292 93 57 883 695 626 830 443 555 891 405 225 586 500 525 892 750 393 456 466 640 78 841 16 488 994 158 995 520 557 142 902
21 386 130 754 823 292 93 57 883 695 626 830 443 555 891 405 225 586 500 525 892 750 393 456 466 640 78 841 16 488 994 158 995 520 557 142 902
21 386 130 754 823 292 93 57 883 695 626 830 443 555 891 405 225 586 500 525 892 750 393 456 466 640 78 841 16 488 994 158 995 520 557 142 902
21 386 130 754 823 292 93 57 883 695 626 830 443 555 891 405 225 586 500 525 892 750 393 456 466 640 78 841 16 488 994 158 995 520 557 142 902
21 386 130 754 823 292 93 57 883 695 626 830 443 555 891 405 225 586 500 525 892 750 393 456 466 640 78 841 16 488 994 158 995 520 557 142 902
21 386 130 754 823 292 93 57 883 695 626 830 443 555 891 405 225 586 500 525 892 750 393 456 466 640 78 841 16 488 994 158 995 520 557 142 902
21 386 130 754 823 292 93 57 883 695 626 830 443 555 891 405 225 586 500 525 892 750 393 456 466 640 78 841 16 488 994 158 995 520 557 142 902
21 386 130 754 823 292 93 57 883 695 626 830 443 555 891 405 225 586 500 525 892 750 393 456 466 640 78 841 16 488 994 158 995 520 557 142 902
21 386 130 754 823 292 93 57 883 695 626 830 443 555 891 405 225 586 500 525 892 750 393 456 466 640 78 841 16 488 994 158 995 520 557 142 902
21 386 130 754 823 292 93 57 883 695 626 830 443 555 891 405 225 586 500 525 892 750 393 456 466 640 78 841 16 488 994 158 995 520 557 142 902
21 386 130 754 823 292 93 57 883 695 626 830 443 555 891 405 225 586 500 525 892 750 393 456 466 640 78 841 16 488 994 158 995 520 557 142 902
21 386 130 754 823 292 93 57 883 695 626 830 443 555 891 405 225 586 500 525 892 750 393 456 466 640 78 841 16 488 994 158 995 520 557 142 902
21 386 130 754 823 292 93 57 883 695 626 830 443 555 891 405 225 586 500 525 892 750 393 456 466 640 78 841 16 488 994 158 995 520 557 142 902
21 386 130 754 823 292 93 57 883 695 626 830 443 555 891 405 225 586 500 525 892 750 393 456 466 640 78 841 16 488 994 158 995 520 557 142 902
21 386 130 754 823 292 93 57 883 695 626 830 443 555 891 405 225 586 500 525 892 750 393 456 466 640 78 841 16 488 994 158 995 520 557 142 902
21 386 130 754 823 292 93 57 883 695 626 830 443 555 891 405 225 586 500 525 892 750 393 456 466 640 78 841 16 488 994 158 995 520 557 142 902
21 386 130 754 823 292 93 57 883 695 626 830 443 555 891 405 225 586 500 525 892 750 393 456 466 640 78 841 16 488 994 158 995 520 557 142 902
21 386 130 754 823 292 93 57 883 695 626 830 443 555 891 405 225 586 500 525 892 750 393 456 466 640 78 841 16 488 994 158 995 520 557 142 902
22 886 574 614 725 944 537 91 813 991 549 646 868 17 674 976 413 512 850 387 977 517 491 916 167 974 245 44 384 427 496 454 444 716 816 481 501 131 992 251 28
22 886 574 614 725 944 537 91 813 991 549 646 868 17 674 976 413 512 850 387 977 517 491 916 167 974 245 44 384 427 496 454 444 716 816 481 501 131 992 251 28
22 886 574 614 725 944 537 91 813 991 549 646 868 17 674 976 413 512 850 387 977 517 491 916 167 974 245 44 384 427 496 454 444 716 816 481 501 131 992 251 28
22 886 574 614 725 944 537 91 813 991 549 646 868 17 674 976 413 512 850 387 977 517 491 916 167 974 245 44 384 427 496 454 444 716 816 481 501 131 992 251 28
22 886 574 614 725 944 537 91 813 991 549 646 868 17 674 976 413 512 850 387 977 517 491 916 167 974 245 44 384 427 496 454 444 716 816 481 501 131 992 251 28
22 886 574 614 725 944 537 91 813 991 549 646 868 17 674 976 413 512 850 387 977 517 491 916 167 974 245 44 384 427 496 454 444 716 816 481 501 131 992 251 28
22 886 574 614 725 944 537 91 813 991 549 646 868 17 674 976 413 512 850 387 977 517 491 916 167 974 245 44 384 427 496 454 444 716 816 481 501 131 992 251 28
22 886 574 614 725 944 537 91 813 991 549 646 868 17 674 976 413 512 850 387 977 517 491 916 167 974 245 44 384 427 496 454 444 716 816 481 501 131 992 251 28
22 886 574 614 725 944 537 91 813 991 549 646 868 17 674 976 413 512 850 387 977 517 491 916 167 974 245 44 384 427 496 454 444 716 816 481 501 131 992 251 28
22 886 574 614 725 944 537 91 813 991 549 646 868 17 674 976 413 512 850 387 977 517 491 916 167 974 245 44 384 427 496 454 444 716 816 481 501 131 992 251 28
22 886 574 614 725 944 537 91 813 991 549 646 868 17 674 976 413 512 850 387 977 517 491 916 167 974 245 44 384 427 496 454 444 716 816 481 501 131 992 251 28
22 886 574 614 725 944 537 91 813 991 549 646 868 17 674 976 413 512 850 387 977 517 491 916 167 974 245 44 384 427 496 454 444 716 816 481 501 131 992 251 28
22 886 574 614 725 944 537 91 813 991 549 646 868 17 674 976 413 512 850 387 977 517 491 916 167 974 245 44 384 427 496 454 444 716 816 481 501 131 992 251 28
22 886 574 614 725 944 537 91 813 991 549 646 868 17 674 976 413 512 850 387 977 517 491 916 167 974 245 44 384 427 496 454 444 716 816 481 501 131 992 251 28
22 886 574 614 725 944 537 91 813 991 549 646 868 17 674 976 413 512 850 387 977 517 491 916 167 974 245 44 384 427 496 454 444 716 816 481 501 131 992 251 28
22 886 574 614 725 944 537 91 813 991 549 646 868 17 674 976 413 512 850 387 977 517 491 916 167 974 245 44 384 427 496 454 444 716 816 481 501 131 992 251 28
22 886 574 614 725 944 537 91 813 991 549 646 868 17 674 976 413 512 850 387 977 517 491 916 167 974 245 44 384 427 496 454 444 716 816 481 501 131 992 251 28
22 886 574 614 725 944 537 91 813 991 549 646 868 17 674 976 413 512 850 387 977 517 491 916 167 974 245 44 384 427 496 454 444 716 816 481 501 131 992 251 28
22 886 574 614 725 944 537 91 813 991 549 646 868 17 674 976 413 512 850 387 977 517 491 916 167 974 245 44 384 427 496 454 444 716 816 481 501 131 992 251 28
22 886 574 614 725 944 537 91 813 991 549 646 868 17 674 976 413 512 850 387 977 517 491 916 167 974 245 44 384 427 496 454 444 716 816 481 501 131 992 251 28
22 886 574 614 725 944 537 91 813 991 549 646 868 17 674 976 413 512 850 387 977 517 491 916 167 974 245 44 384 427 496 454 444 716 816 481 501 131 992 251 28
22 886 574 614 725 944 537 91 813 991 549 646 868 17 674 976 413 512 850 387 977 517 491 916 167 974 245 44 384 427 496 454 444 716 816 481 501 131 992 251 28
22 886 574 614 725 944 537 91 813 991 549 646 868 17 674 976 413 512 850 387 977 517 491 916 167 974 245 44 384 427 496 454 444 716 816 481 501 131 992 251 28
22 886 574 614 725 944 537 91 813 991 549 646 868 17 674 976 413 512 850 387 977 517 491 916 167 974 245 44 384 427 496 454 444 716 816 481 501 131 992 251 28
22 886 574 614 725 944 537 91 813 991 549 646 868 17 674 976 413 512 850 387 977 517 491 916 167 974 245 44 384 427 496 454 444 716 816 481 501 131 992 251 28
22 886 574 614 725 944 537 91 813 991 549 646 868 17 674 976 413 512 850 387 977 517 491 916 167 974 245 44 384 427 496 454 444 716 816 481 501 131 992 251 28
22 886 574 614 725 944 537 91 813 991 549 646 868 17 674 976 413 512 850 387 977 517 491 916 167 974 245 44 384 427 496 454 444 716 816 481 501 131 992 251 28
22 886 574 614 725 944 537 91 813 991 549 646 868 17 674 976 413 512 850 387 977 517 491 916 167 974 245 44 384 427 496 454 444 716 816 481 501 131 992 251 28
22 886 574 614 725 944 537 91 813 991 549 646 868 17 674 976 413 512 850 387 977 517 491 916 167 974 245 44 384 427 496 454 444 716 816 481 501 131 992 251 28
22 886 574 614 725 944 537 91 813 991 549 646 868 17 674 976 413 512 850 387 977 517 491 916 167 974 245 44 384 427 496 454 444 716 816 481 501 131 992 251 28
22 886 574 614 725 944 537 91 813 991 549 646 868 17 674 976 413 512 850 387 977 517 491 916 167 974 245 44 384 427 496 454 444 716 816 481 501 131 992 251 28
22 886 574 614 725 944 537 91 813 991 549 646 868 17 674 976 413 512 850 387 977 517 491 916 167 974 245 44 384 427 496 454 444 716 816 481 501 131 992 251 28
22 886 574 614 725 944 537 91 813 991 549 646 868 17 674 976 413 512 850 387 977 517 491 916 167 974 245 44 384 427 496 454 444 716 816 481 501 131 992 251 28
22 886 574 614 725 944 537 91 813 991 549 646 868 17 674 976 413 512 850 387 977 517 491 916 167 974 245 44 384 427 496 454 444 716 816 481 501 131 992 251 28
22 886 574 614 725 944 537 91 813 991 549 646 868 17 674 976 413 512 850 387 977 517 491 916 167 974 245 44 384 427 496 454 444 716 816 481 501 131 992 251 28
22 886 574 614 725 944 537 91 813 991 549 646 868 17 674 976 413 512 850 387 977 517 491 916 167 974 245 44 384 427 496 454 444 716 816 481 501 131 992 251 28
22 886 574 614 725 944 537 91 813 991 549 646 868 17 674 976 413 512 850 387 977 517 491 916 167 974 245 44 384 427 496 454 444 716 816 481 501 131 992 251 28
22 886 574 614 725 944 537 91 813 991 549 646 868 17 674 976 413 512 850 387 977 517 491 916 167 974 245 44 384 427 496 454 444 716 816 481 501 131 992 251 28
22 886 574 614 725 944 537 91 813 991 549 646 868 17 674 976 413 512 850 387 977 517 491 916 167 974 245 44 384 427 496 454 444 716 816 481 501 131 992 251 28
22 886 574 614 725 944 537 91 813 991 549 646 868 17 674 976 413 512 850 387 977 517 491 916 167 974 245 44 384 427 496 454 444 716 816 481 501 131 992 251 28
23 224 18
23 224 18
24 19 186 214
24 19 186 214
24 19 186 214
25 834 681 798 240 647 661 446 959
25 834 681 798 240 647 661 446 959
25 834 681 798 240 647 661 446 959
25 834 681 798 240 647 661 446 959
25 834 681 798 240 647 661 446 959
25 834 681 798 240 647 661 446 959
25 834 681 798 240 647 661 446 959
25 834 681 798 240 647 661 446 959
26 922 793 21 664 935 784 760 927 699 670 910 485 763 875 979 602
26 922 793 21 664 935 784 760 927 699 670 910 485 763 875 979 602
26 922 793 21 664 935 784 760 927 699 670 910 485 763 875 979 602
26 922 793 21 664 935 784 760 927 699 670 910 485 763 875 979 602
26 922 793 21 664 935 784 760 927 699 670 910 485 763 875 979 602
26 922 793 21 664 935 784 760 927 699 670 910 485 763 875 979 602
26 922 793 21 664 935 784 760 927 699 670 910 485 763 875 979 602
26 922 793 21 664 935 784 760 927 699 670 910 485 763 875 979 602
26 922 793 21 664 935 784 760 927 699 670 910 485 763 875 979 602
26 922 793 21 664 935 784 760 927 699 670 910 485 763 875 979 602
26 922 793 21 664 935 784 760 927 699 670 910 485 763 875 979 602
26 922 793 21 664 935 784 760 927 699 670 910 485 763 875 979 602
26 922 793 21 664 935 784 760 927 699 670 910 485 763 875 979 602
26 922 793 21 664 935 784 760 927 699 670 910 485 763 875 979 602
26 922 793 21 664 935 784 760 927 699 670 910 485 763 875 979 602
26 922 793 21 664 935 784 760 927 699 670 910 485 763 875 979 602
27 415 624 283
27 415 624 283
27 415 624 283
28 628 22 328 544
28 628 22 328 544
28 628 22 328 544
28 628 22 328 544
29 582 55 23 156 63
29 582 55 23 156 63
29 582 55 23 156 63
29 582 55 23 156 63
29 582 55 23 156 63
30 23 298 317
30 23 298 317
30 23 298 317
31 631 327 558 940 848 597 396 697 622 32 900 24 937 818 778 221 532
31 631 327 558 940 848 597 396 697 622 32 900 24 937 818 778 221 532
31 631 327 558 940 848 597 396 697 622 32 900 24 937 818 778 221 532
31 631 327 558 940 848 597 396 697 622 32 900 24 937 818 778 221 532
31 631 327 558 940 848 597 396 697 622 32 900 24 937 818 778 221 532
31 631 327 558 940 848 597 396 697 622 32 900 24 937 818 778 221 532
31 631 327 558 940 848 597 396 697 622 32 900 24 937 818 778 221 532
31 631 327 558 940 848 597 396 697 622 32 900 24 937 818 778 221 532
31 631 327 558 940 848 597 396 697 622 32 900 24 937 818 778 221 532
31 631 327 558 940 848 597 396 697 622 32 900 24 937 818 778 221 532
31 631 327 558 940 848 597 396 697 622 32 900 24 937 818 778 221 532
31 631 327 558 940 848 597 396 697 622 32 900 24 937 818 778 221 532
31 631 327 558 940 848 597 396 697 622 32 900 24 937 818 778 221 532
31 631 327 558 940 848 597 396 697 622 32 900 24 937 818 778 221 532
31 631 327 558 940 848 597 396 697 622 32 900 24 937 818 778 221 532
31 631 327 558 940 848 597 396 697 622 32 900 24 937 818 778 221 532
31 631 327 558 940 848 597 396 697 622 32 900 24 937 818 778 221 532
32 576 281 26 150
32 576 281 26 150
32 576 281 26 150
32 576 281 26 150
33 27 536 739 323 575
33 27 536 739 323 575
33 27 536 739 323 575
33 27 536 739 323 575
33 27 536 739 323 575
34 29 286
34 29 286
35 926 677 684 774 380 713 228 543 792 341 933 411 814 789 641
35 926 677 684 774 380 713 228 543 792 341 933 411 814 789 641
35 926 677 684 774 380 713 228 543 792 341 933 411 814 789 641
35 926 677 684 774 380 713 228 543 792 341 933 411 814 789 641
35 926 677 684 774 380 713 228 543 792 341 933 411 814 789 641
35 926 677 684 774 380 713 228 543 792 341 933 411 814 789 641
35 926 677 684 774 380 713 228 543 792 341 933 411 814 789 641
35 926 677 684 774 380 713 228 543 792 341 933 411 814 789 641
35 926 677 684 774 380 713 228 543 792 341 933 411 814 789 641
35 926 677 684 774 380 713 228 543 792 341 933 411 814 789 641
35 926 677 684 774 380 713 228 543 792 341 933 411 814 789 641
35 926 677 684 774 380 713 228 543 792 341 933 411 814 789 641
35 926 677 684 774 380 713 228 543 792 341 933 411 814 789 641
35 926 677 684 774 380 713 228 543 792 341 933 411 814 789 641
35 926 677 684 774 380 713 228 543 792 341 933 411 814 789 641
36 964 379 595 182 349 993 672 429 134 465 325 201 970 324 690 442 348 30 755 893 967 176 577 911 192 237 473 915 736 567 361 732 441 882 123
36 964 379 595 182 349 993 672 429 134 465 325 201 970 324 690 442 348 30 755 893 967 176 577 911 192 237 473 915 736 567 361 732 441 882 123
36 964 379 595 182 349 993 672 429 134 465 325 201 970 324 690 442 348 30 755 893 967 176 577 911 192 237 473 915 736 567 361 732 441 882 123
36 964 379 595 182 349 993 672 429 134 465 325 201 970 324 690 442 348 30 755 893 967 176 577 911 192 237 473 915 736 567 361 732 441 882 123
36 964 379 595 182 349 993 672 429 134 465 325 201 970 324 690 442 348 30 755 893 967 176 577 911 192 237 473 915 736 567 361 732 441 882 123
36 964 379 595 182 349 993 672 429 134 465 325 201 970 324 690 442 348 30 755 893 967 176 577 911 192 237 473 915 736 567 361 732 441 882 123
36 964 379 595 182 349 993 672 429 134 465 325 201 970 324 690 442 348 30 755 893 967 176 577 911 192 237 473 915 736 567 361 732 441 882 123
36 964 379 595 182 349 993 672 429 134 465 325 201 970 324 690 442 348 30 755 893 967 176 577 911 192 237 473 915 736 567 361 732 441 882 123
36 964 379 595 182 349 993 672 429 134 465 325 201 970 324 690 442 348 30 755 893 967 176 577 911 192 237 473 915 736 567 361 732 441 882 123
36 964 379 595 182 349 993 672 429 134 465 325 201 970 324 690 442 348 30 755 893 967 176 577 911 192 237 473 915 736 567 361 732 441 882 123
36 964 379 595 182 349 993 672 429 134 465 325 201 970 324 690 442 348 30 755 893 967 176 577 911 192 237 473 915 736 567 361 732 441 882 123
36 964 379 595 182 349 993 672 429 134 465 325 201 970 324 690 442 348 30 755 893 967 176 577 911 192 237 473 915 736 567 361 732 441 882 123
36 964 379 595 182 349 993 672 429 134 465 325 201 970 324 690 442 348 30 755 893 967 176 577 911 192 237 473 915 736 567 361 732 441 882 123
36 964 379 595 182 349 993 672 429 134 465 325 201 970 324 690 442 348 30 755 893 967 176 577 911 192 237 473 915 736 567 361 732 441 882 123
36 964 379 595 182 349 993 672 429 134 465 325 201 970 324 690 442 348 30 755 893 967 176 577 911 192 237 473 915 736 567 361 732 441 882 123
36 964 379 595 182 349 993 672 429 134 465 325 201 970 324 690 442 348 30 755 893 967 176 577 911 192 237 473 915 736 567 361 732 441 882 123
36 964 379 595 182 349 993 672 429 134 465 325 201 970 324 690 442 348 30 755 893 967 176 577 911 192 237 473 915 736 567 361 732 441 882 123
36 964 379 595 182 349 993 672 429 134 465 325 201 970 324 690 442 348 30 755 893 967 176 577 911 192 237 473 915 736 567 361 732 441 882 123
36 964 379 595 182 349 993 672 429 134 465 325 201 970 324 690 442 348 30 755 893 967 176 577 911 192 237 473 915 736 567 361 732 441 882 123
36 964 379 595 182 349 993 672 429 134 465 325 201 970 324 690 442 348 30 755 893 967 176 577 911 192 237 473 915 736 567 361 732 441 882 123
36 964 379 595 182 349 993 672 429 134 465 325 201 970 324 690 442 348 30 755 893 967 176 577 911 192 237 473 915 736 567 361 732 441 882 123
36 964 379 595 182 349 993 672 429 134 465 325 201 970 324 690 442 348 30 755 893 967 176 577 911 192 237 473 915 736 567 361 732 441 882 123
36 964 379 595 182 349 993 672 429 134 465 325 201 970 324 690 442 348 30 755 893 967 176 577 911 192 237 473 915 736 567 361 732 441 882 123
36 964 379 595 182 349 993 672 429 134 465 325 201 970 324 690 442 348 30 755 893 967 176 577 911 192 237 473 915 736 567 361 732 441 882 123
36 964 379 595 182 349 993 672 429 134 465 325 201 970 324 690 442 348 30 755 893 967 176 577 911 192 237 473 915 736 567 361 732 441 882 123
36 964 379 595 182 349 993 672 429 134 465 325 201 970 324 690 442 348 30 755 893 967 176 577 911 192 237 473 915 736 567 361 732 441 882 123
36 964 379 595 182 349 993 672 429 134 465 325 201 970 324 690 442 348 30 755 893 967 176 577 911 192 237 473 915 736 567 361 732 441 882 123
36 964 379 595 182 349 993 672 429 134 465 325 201 970 324 690 442 348 30 755 893 967 176 577 911 192 237 473 915 736 567 361 732 441 882 123
36 964 379 595 182 349 993 672 429 134 465 325 201 970 324 690 442 348 30 755 893 967 176 577 911 192 237 473 915 736 567 361 732 441 882 123
36 964 379 595 182 349 993 672 429 134 465 325 201 970 324 690 442 348 30 755 893 967 176 577 911 192 237 473 915 736 567 361 732 441 882 123
36 964 379 595 182 349 993 672 429 134 465 325 201 970 324 690 442 348 30 755 893 967 176 577 911 192 237 473 915 736 567 361 732 441 882 123
36 964 379 595 182 349 993 672 429 134 465 325 201 970 324 690 442 348 30 755 893 967 176 577 911 192 237 473 915 736 567 361 732 441 882 123
36 964 379 595 182 349 993 672 429 134 465 325 201 970 324 690 442 348 30 755 893 967 176 577 911 192 237 473 915 736 567 361 732 441 882 123
36 964 379 595 182 349 993 672 429 134 465 325 201 970 324 690 442 348 30 755 893 967 176 577 911 192 237 473 915 736 567 361 732 441 882 123
36 964 379 595 182 349 993 672 429 134 465 325 201 970 324 690 442 348 30 755 893 967 176 577 911 192 237 473 915 736 567 361 732 441 882 123
37 766 603 724 450 843 31
37 766 603 724 450 843 31
37 766 603 724 450 843 31
37 766 603 724 450 843 31
37 766 603 724 450 843 31
37 766 603 724 450 843 31
38 33 50 222 438
38 33 50 222 438
38 33 50 222 438
38 33 50 222 438
39 34 43
39 34 43
40 36 389 275
40 36 389 275
40 36 389 275
41 198 37
41 198 37
42 479 855 709 719 704 530 723 951 604 700 845 813 879 963 934 680 238
42 479 855 709 719 704 530 723 951 604 700 845 813 879 963 934 680 238
42 479 855 709 719 704 530 723 951 604 700 845 813 879 963 934 680 238
42 479 855 709 719 704 530 723 951 604 700 845 813 879 963 934 680 238
42 479 855 709 719 704 530 723 951 604 700 845 813 879 963 934 680 238
42 479 855 709 719 704 530 723 951 604 700 845 813 879 963 934 680 238
42 479 855 709 719 704 530 723 951 604 700 845 813 879 963 934 680 238
42 479 855 709 719 704 530 723 951 604 700 845 813 879 963 934 680 238
42 479 855 709 719 704 530 723 951 604 700 845 813 879 963 934 680 238
42 479 855 709 719 704 530 723 951 604 700 845 813 879 963 934 680 238
42 479 855 709 719 704 530 723 951 604 700 845 813 879 963 934 680 238
42 479 855 709 719 704 530 723 951 604 700 845 813 879 963 934 680 238
42 479 855 709 719 704 530 723 951 604 700 845 813 879 963 934 680 238
42 479 855 709 719 704 530 723 951 604 700 845 813 879 963 934 680 238
42 479 855 709 719 704 530 723 951 604 700 845 813 879 963 934 680 238
42 479 855 709 719 704 530 723 951 604 700 845 813 879 963 934 680 238
42 479 855 709 719 704 530 723 951 604 700 845 813 879 963 934 680 238
43 38 526
43 38 526
44 538 560 526 620
44 538 560 526 620
44 538 560 526 620
44 538 560 526 620
45 291 332 515 360 666 949 612 958 437 794 779 302 469 705 171 289 39 365 215 741 300 826 936
45 291 332 515 360 666 949 612 958 437 794 779 302 469 705 171 289 39 365 215 741 300 826 936
45 291 332 515 360 666 949 612 958 437 794 779 302 469 705 171 289 39 365 215 741 300 826 936
45 291 332 515 360 666 949 612 958 437 794 779 302 469 705 171 289 39 365 215 741 300 826 936
45 291 332 515 360 666 949 612 958 437 794 779 302 469 705 171 289 39 365 215 741 300 826 936
45 291 332 515 360 666 949 612 958 437 794 779 302 469 705 171 289 39 365 215 741 300 826 936
45 291 332 515 360 666 949 612 958 437 794 779 302 469 705 171 289 39 365 215 741 300 826 936
45 291 332 515 360 666 949 612 958 437 794 779 302 469 705 171 289 39 365 215 741 300 826 936
45 291 332 515 360 666 949 612 958 437 794 779 302 469 705 171 289 39 365 215 741 300 826 936
45 291 332 515 360 666 949 612 958 437 794 779 302 469 705 171 289 39 365 215 741 300 826 936
45 291 332 515 360 666 949 612 958 437 794 779 302 469 705 171 289 39 365 215 741 300 826 936
45 291 332 515 360 666 949 612 958 437 794 779 302 469 705 171 289 39 365 215 741 300 826 936
45 291 332 515 360 666 949 612 958 437 794 779 302 469 705 171 289 39 365 215 741 300 826 936
45 291 332 515 360 666 949 612 958 437 794 779 302 469 705 171 289 39 365 215 741 300 826 936
45 291 332 515 360 666 949 612 958 437 794 779 302 469 705 171 289 39 365 215 741 300 826 936
45 291 332 515 360 666 949 612 958 437 794 779 302 469 705 171 289 39 365 215 741 300 826 936
45 291 332 515 360 666 949 612 958 437 794 779 302 469 705 171 289 39 365 215 741 300 826 936
45 291 332 515 360 666 949 612 958 437 794 779 302 469 705 171 289 39 365 215 741 300 826 936
45 291 332 515 360 666 949 612 958 437 794 779 302 469 705 171 289 39 365 215 741 300 826 936
45 291 332 515 360 666 949 612 958 437 794 779 302 469 705 171 289 39 365 215 741 300 826 936
45 291 332 515 360 666 949 612 958 437 794 779 302 469 705 171 289 39 365 215 741 300 826 936
45 291 332 515 360 666 949 612 958 437 794 779 302 469 705 171 289 39 365 215 741 300 826 936
45 291 332 515 360 666 949 612 958 437 794 779 302 469 705 171 289 39 365 215 741 300 826 936
46 40 569 47 596
46 40 569 47 596
46 40 569 47 596
46 40 569 47 596
47 267 270 278 953 950 811 590 721 737 968 257 800 175 952 775 971 630 658 263 696 852 423 518 502 669 509 962 394 70 152 296 587 42 451 667 370
47 267 270 278 953 950 811 590 721 737 968 257 800 175 952 775 971 630 658 263 696 852 423 518 502 669 509 962 394 70 152 296 587 42 451 667 370
47 267 270 278 953 950 811 590 721 737 968 257 800 175 952 775 971 630 658 263 696 852 423 518 502 669 509 962 394 70 152 296 587 42 451 667 370
47 267 270 278 953 950 811 590 721 737 968 257 800 175 952 775 971 630 658 263 696 852 423 518 502 669 509 962 394 70 152 296 587 42 451 667 370
47 267 270 278 953 950 811 590 721 737 968 257 800 175 952 775 971 630 658 263 696 852 423 518 502 669 509 962 394 70 152 296 587 42 451 667 370
47 267 270 278 953 950 811 590 721 737 968 257 800 175 952 775 971 630 658 263 696 852 423 518 502 669 509 962 394 70 152 296 587 42 451 667 370
47 267 270 278 953 950 811 590 721 737 968 257 800 175 952 775 971 630 658 263 696 852 423 518 502 669 509 962 394 70 152 296 587 42 451 667 370
47 267 270 278 953 950 811 590 721 737 968 257 800 175 952 775 971 630 658 263 696 852 423 518 502 669 509 962 394 70 152 296 587 42 451 667 370
47 267 270 278 953 950 811 590 721 737 968 257 800 175 952 775 971 630 658 263 696 852 423 518 502 669 509 962 394 70 152 296 587 42 451 667 370
47 267 270 278 953 950 811 590 721 737 968 257 800 175 952 775 971 630 658 263 696 852 423 518 502 669 509 962 394 70 152 296 587 42 451 667 370
47 267 270 278 953 950 811 590 721 737 968 257 800 175 952 775 971 630 658 263 696 852 423 518 502 669 509 962 394 70 152 296 587 42 451 667 370
47 267 270 278 953 950 811 590 721 737 968 257 800 175 952 775 971 630 658 263 696 852 423 518 502 669 509 962 394 70 152 296 587 42 451 667 370
47 267 270 278 953 950 811 590 721 737 968 257 800 175 952 775 971 630 658 263 696 852 423 518 502 669 509 962 394 70 152 296 587 42 451 667 370
47 267 270 278 953 950 811 590 721 737 968 257 800 175 952 775 971 630 658 263 696 852 423 518 502 669 509 962 394 70 152 296 587 42 451 667 370
47 267 270 278 953 950 811 590 721 737 968 257 800 175 952 775 971 630 658 263 696 852 423 518 502 669 509 962 394 70 152 296 587 42 451 667 370
47 267 270 278 953 950 811 590 721 737 968 257 800 175 952 775 971 630 658 263 696 852 423 518 502 669 509 962 394 70 152 296 587 42 451 667 370
47 267 270 278 953 950 811 590 721 737 968 257 800 175 952 775 971 630 658 263 696 852 423 518 502 669 509 962 394 70 152 296 587 42 451 667 370
47 267 270 278 953 950 811 590 721 737 968 257 800 175 952 775 971 630 658 263 696 852 423 518 502 669 509 962 394 70 152 296 587 42 451 667 370
47 267 270 278 953 950 811 590 721 737 968 257 800 175 952 775 971 630 658 263 696 852 423 518 502 669 509 962 394 70 152 296 587 42 451 667 370
47 267 270 278 953 950 811 590 721 737 968 257 800 175 952 775 971 630 658 263 696 852 423 518 502 669 509 962 394 70 152 296 587 42 451 667 370
47 267 270 278 953 950 811 590 721 737 968 257 800 175 952 775 971 630 658 263 696 852 423 518 502 669 509 962 394 70 152 296 587 42 451 667 370
47 267 270 278 953 950 811 590 721 737 968 257 800 175 952 775 971 630 658 263 696 852 423 518 502 669 509 962 394 70 152 296 587 42 451 667 370
47 267 270 278 953 950 811 590 721 737 968 257 800 175 952 775 971 630 658 263 696 852 423 518 502 669 509 962 394 70 152 296 587 42 451 667 370
47 267 270 278 953 950 811 590 721 737 968 257 800 175 952 775 971 630 658 263 696 852 423 518 502 669 509 962 394 70 152 296 587 42 451 667 370
47 267 270 278 953 950 811 590 721 737 968 257 800 175 952 775 971 630 658 263 696 852 423 518 502 669 509 962 394 70 152 296 587 42 451 667 370
47 267 270 278 953 950 811 590 721 737 968 257 800 175 952 775 971 630 658 263 696 852 423 518 502 669 509 962 394 70 152 296 587 42 451 667 370
47 267 270 278 953 950 811 590 721 737 968 257 800 175 952 775 971 630 658 263 696 852 423 518 502 669 509 962 394 70 152 296 587 42 451 667 370
47 267 270 278 953 950 811 590 721 737 968 257 800 175 952 775 971 630 658 263 696 852 423 518 502 669 509 962 394 70 152 296 587 42 451 667 370
47 267 270 278 953 950 811 590 721 737 968 257 800 175 952 775 971 630 658 263 696 852 423 518 502 669 509 962 394 70 152 296 587 42 451 667 370
47 267 270 278 953 950 811 590 721 737 968 257 800 175 952 775 971 630 658 263 696 852 423 518 502 669 509 962 394 70 152 296 587 42 451 667 370
47 267 270 278 953 950 811 590 721 737 968 257 800 175 952 775 971 630 658 263 696 852 423 518 502 669 509 962 394 70 152 296 587 42 451 667 370
47 267 270 278 953 950 811 590 721 737 968 257 800 175 952 775 971 630 658 263 696 852 423 518 502 669 509 962 394 70 152 296 587 42 451 667 370
47 267 270 278 953 950 811 590 721 737 968 257 800 175 952 775 971 630 658 263 696 852 423 518 502 669 509 962 394 70 152 296 587 42 451 667 370
47 267 270 278 953 950 811 590 721 737 968 257 800 175 952 775 971 630 658 263 696 852 423 518 502 669 509 962 394 70 152 296 587 42 451 667 370
47 267 270 278 953 950 811 590 721 737 968 257 800 175 952 775 971 630 658 263 696 852 423 518 502 669 509 962 394 70 152 296 587 42 451 667 370
47 267 270 278 953 950 811 590 721 737 968 257 800 175 952 775 971 630 658 263 696 852 423 518 502 669 509 962 394 70 152 296 587 42 451 667 370
48 45 247 97
48 45 247 97
48 45 247 97
49 45 358 295
49 45 358 295
49 45 358 295
50 583 242 46 507
50 583 242 46 507
50 583 242 46 507
50 583 242 46 507
51 831 909 733 873 857 983 711 931 966 756 550 118 657 925 634
51 831 909 733 873 857 983 711 931 966 756 550 118 657 925 634
51 831 909 733 873 857 983 711 931 966 756 550 118 657 925 634
51 831 909 733 873 857 983 711 931 966 756 550 118 657 925 634
51 831 909 733 873 857 983 711 931 966 756 550 118 657 925 634
51 831 909 733 873 857 983 711 931 966 756 550 118 657 925 634
51 831 909 733 873 857 983 711 931 966 756 550 118 657 925 634
51 831 909 733 873 857 983 711 931 966 756 550 118 657 925 634
51 831 909 733 873 857 983 711 931 966 756 550 118 657 925 634
51 831 909 733 873 857 983 711 931 966 756 550 118 657 925 634
51 831 909 733 873 857 983 711 931 966 756 550 118 657 925 634
51 831 909 733 873 857 983 711 931 966 756 550 118 657 925 634
51 831 909 733 873 857 983 711 931 966 756 550 118 657 925 634
51 831 909 733 873 857 983 711 931 966 756 550 118 657 925 634
51 831 909 733 873 857 983 711 931 966 756 550 118 657 925 634
52 220 48 276
52 220 48 276
52 220 48 276
53 352 49
53 352 49
54 410 160 566
54 410 160 566
54 410 160 566
55 51 250 362
55 51 250 362
55 51 250 362
56 304 52
56 304 52
57 439 53 117
57 439 53 117
57 439 53 117
58 90 343 143 54 510
58 90 343 143 54 510
58 90 343 143 54 510
58 90 343 143 54 510
58 90 343 143 54 510
59 256 582
59 256 582
60 132 258 726 969 528 434 508 790 457 588 56 898 144 702 938 764 149
60 132 258 726 969 528 434 508 790 457 588 56 898 144 702 938 764 149
60 132 258 726 969 528 434 508 790 457 588 56 898 144 702 938 764 149
60 132 258 726 969 528 434 508 790 457 588 56 898 144 702 938 764 149
60 132 258 726 969 528 434 508 790 457 588 56 898 144 702 938 764 149
60 132 258 726 969 528 434 508 790 457 588 56 898 144 702 938 764 149
60 132 258 726 969 528 434 508 790 457 588 56 898 144 702 938 764 149
60 132 258 726 969 528 434 508 790 457 588 56 898 144 702 938 764 149
60 132 258 726 969 528 434 508 790 457 588 56 898 144 702 938 764 149
60 132 258 726 969 528 434 508 790 457 588 56 898 144 702 938 764 149
60 132 258 726 969 528 434 508 790 457 588 56 898 144 702 938 764 149
60 132 258 726 969 528 434 508 790 457 588 56 898 144 702 938 764 149
60 132 258 726 969 528 434 508 790 457 588 56 898 144 702 938 764 149
60 132 258 726 969 528 434 508 790 457 588 56 898 144 702 938 764 149
60 132 258 726 969 528 434 508 790 457 588 56 898 144 702 938 764 149
60 132 258 726 969 528 434 508 790 457 588 56 898 144 702 938 764 149
60 132 258 726 969 528 434 508 790 457 588 56 898 144 702 938 764 149
61 849 404 568 58 687
61 849 404 568 58 687
61 849 404 568 58 687
61 849 404 568 58 687
61 849 404 568 58 687
62 98 59
62 98 59
63 299 265 579 61
63 299 265 579 61
63 299 265 579 61
63 299 265 579 61
64 468 419 642 540 476 975 77 460 981 495 686 165 463 688 64 621 781 875 889 905 174 884 541 534
64 468 419 642 540 476 975 77 460 981 495 686 165 463 688 64 621 781 875 889 905 174 884 541 534
64 468 419 642 540 476 975 77 460 981 495 686 165 463 688 64 621 781 875 889 905 174 884 541 534
64 468 419 642 540 476 975 77 460 981 495 686 165 463 688 64 621 781 875 889 905 174 884 541 534
64 468 419 642 540 476 975 77 460 981 495 686 165 463 688 64 621 781 875 889 905 174 884 541 534
64 468 419 642 540 476 975 77 460 981 495 686 165 463 688 64 621 781 875 889 905 174 884 541 534
64 468 419 642 540 476 975 77 460 981 495 686 165 463 688 64 621 781 875 889 905 174 884 541 534
64 468 419 642 540 476 975 77 460 981 495 686 165 463 688 64 621 781 875 889 905 174 884 541 534
64 468 419 642 540 476 975 77 460 981 495 686 165 463 688 64 621 781 875 889 905 174 884 541 534
64 468 419 642 540 476 975 77 460 981 495 686 165 463 688 64 621 781 875 889 905 174 884 541 534
64 468 419 642 540 476 975 77 460 981 495 686 165 463 688 64 621 781 875 889 905 174 884 541 534
64 468 419 642 540 476 975 77 460 981 495 686 165 463 688 64 621 781 875 889 905 174 884 541 534
64 468 419 642 540 476 975 77 460 981 495 686 165 463 688 64 621 781 875 889 905 174 884 541 534
64 468 419 642 540 476 975 77 460 981 495 686 165 463 688 64 621 781 875 889 905 174 884 541 534
64 468 419 642 540 476 975 77 460 981 495 686 165 463 688 64 621 781 875 889 905 174 884 541 534
64 468 419 642 540 476 975 77 460 981 495 686 165 463 688 64 621 781 875 889 905 174 884 541 534
64 468 419 642 540 476 975 77 460 981 495 686 165 463 688 64 621 781 875 889 905 174 884 541 534
64 468 419 642 540 476 975 77 460 981 495 686 165 463 688 64 621 781 875 889 905 174 884 541 534
64 468 419 642 540 476 975 77 460 981 495 686 165 463 688 64 621 781 875 889 905 174 884 541 534
64 468 419 642 540 476 975 77 460 981 495 686 165 463 688 64 621 781 875 889 905 174 884 541 534
64 468 419 642 540 476 975 77 460 981 495 686 165 463 688 64 621 781 875 889 905 174 884 541 534
64 468 419 642 540 476 975 77 460 981 495 686 165 463 688 64 621 781 875 889 905 174 884 541 534
64 468 419 642 540 476 975 77 460 981 495 686 165 463 688 64 621 781 875 889 905 174 884 541 534
64 468 419 642 540 476 975 77 460 981 495 686 165 463 688 64 621 781 875 889 905 174 884 541 534
65 229 65 435
65 229 65 435
65 229 65 435
66 66 470 178
66 66 470 178
66 66 470 178
67 378 67 395
67 378 67 395
67 378 67 395
68 68 408
68 68 408
69 504 391 408
69 504 391 408
69 504 391 408
70 147 273 69
70 147 273 69
70 147 273 69
71 71 559 309 585 337
71 71 559 309 585 337
71 71 559 309 585 337
71 71 559 309 585 337
71 71 559 309 585 337
72 72 200
72 72 200
73 478 73
73 478 73
74 279 133 478
74 279 133 478
74 279 133 478
75 74 487 605 554 858 426 941 751 876 511 860 943 839 982 498 464 872 635 611 701
75 74 487 605 554 858 426 941 751 876 511 860 943 839 982 498 464 872 635 611 701
75 74 487 605 554 858 426 941 751 876 511 860 943 839 982 498 464 872 635 611 701
75 74 487 605 554 858 426 941 751 876 511 860 943 839 982 498 464 872 635 611 701
75 74 487 605 554 858 426 941 751 876 511 860 943 839 982 498 464 872 635 611 701
75 74 487 605 554 858 426 941 751 876 511 860 943 839 982 498 464 872 635 611 701
75 74 487 605 554 858 426 941 751 876 511 860 943 839 982 498 464 872 635 611 701
75 74 487 605 554 858 426 941 751 876 511 860 943 839 982 498 464 872 635 611 701
75 74 487 605 554 858 426 941 751 876 511 860 943 839 982 498 464 872 635 611 701
75 74 487 605 554 858 426 941 751 876 511 860 943 839 982 498 464 872 635 611 701
75 74 487 605 554 858 426 941 751 876 511 860 943 839 982 498 464 872 635 611 701
75 74 487 605 554 858 426 941 751 876 511 860 943 839 982 498 464 872 635 611 701
75 74 487 605 554 858 426 941 751 876 511 860 943 839 982 498 464 872 635 611 701
75 74 487 605 554 858 426 941 751 876 511 860 943 839 982 498 464 872 635 611 701
75 74 487 605 554 858 426 941 751 876 511 860 943 839 982 498 464 872 635 611 701
75 74 487 605 554 858 426 941 751 876 511 860 943 839 982 498 464 872 635 611 701
75 74 487 605 554 858 426 941 751 876 511 860 943 839 982 498 464 872 635 611 701
75 74 487 605 554 858 426 941 751 876 511 860 943 839 982 498 464 872 635 611 701
75 74 487 605 554 858 426 941 751 876 511 860 943 839 982 498 464 872 635 611 701
75 74 487 605 554 858 426 941 751 876 511 860 943 839 982 498 464 872 635 611 701
76 260 75
76 260 75
77 76 601 207
77 76 601 207
77 76 601 207
78 519 79 406
78 519 79 406
78 519 79 406
79 783 824 805 947 820 80 141 810 727 678 821
79 783 824 805 947 820 80 141 810 727 678 821
79 783 824 805 947 820 80 141 810 727 678 821
79 783 824 805 947 820 80 141 810 727 678 821
79 783 824 805 947 820 80 141 810 727 678 821
79 783 824 805 947 820 80 141 810 727 678 821
79 783 824 805 947 820 80 141 810 727 678 821
79 783 824 805 947 820 80 141 810 727 678 821
79 783 824 805 947 820 80 141 810 727 678 821
79 783 824 805 947 820 80 141 810 727 678 821
79 783 824 805 947 820 80 141 810 727 678 821
80 342 727 712 471
80 342 727 712 471
80 342 727 712 471
80 342 727 712 471
81 95 633 81
81 95 633 81
81 95 633 81
82 253 82 187
82 253 82 187
82 253 82 187
83 83 179 372 374
83 83 179 372 374
83 83 179 372 374
83 83 179 372 374
84 84
85 874 340 412 776 86
85 874 340 412 776 86
85 874 340 412 776 86
85 874 340 412 776 86
85 874 340 412 776 86
86 706 542 88 330
86 706 542 88 330
86 706 542 88 330
86 706 542 88 330
87 89 153
87 89 153
88 90 212 274
88 90 212 274
88 90 212 274
89 92 326 351
89 92 326 351
89 92 326 351
90 402 475 110 94
90 402 475 110 94
90 402 475 110 94
90 402 475 110 94
91 96 606 617 788 277 564
91 96 606 617 788 277 564
91 96 606 617 788 277 564
91 96 606 617 788 277 564
91 96 606 617 788 277 564
91 96 606 617 788 277 564
92 285 506 99 619
92 285 506 99 619
92 285 506 99 619
92 285 506 99 619
93 653 100 308
93 653 100 308
93 653 100 308
94 533 359 102
94 533 359 102
94 533 359 102
95 106 497 366
95 106 497 366
95 106 497 366
96 107 138
96 107 138
97 425 108
97 425 108
98 311 425 284 211
98 311 425 284 211
98 311 425 284 211
98 311 425 284 211
99 385 109
99 385 109
100 193 522 507 111
100 193 522 507 111
100 193 522 507 111
100 193 522 507 111
101 112 314 227
101 112 314 227
101 112 314 227
102 129 114
102 129 114
103 128 115 254
103 128 115 254
103 128 115 254
104 166 116
104 166 116
105 120 392 177
105 120 392 177
105 120 392 177
106 236 493 121
106 236 493 121
106 236 493 121
107 447 320 124
107 447 320 124
107 447 320 124
108 125 403 682 205 416
108 125 403 682 205 416
108 125 403 682 205 416
108 125 403 682 205 416
108 125 403 682 205 416
109 213 676 126
109 213 676 126
109 213 676 126
110 127 162 398
110 127 162 398
110 127 162 398
111 401 189 136
111 401 189 136
111 401 189 136
112 163 139
112 163 139
113 145 321 432
113 145 321 432
113 145 321 432
114 146 333
114 146 333
115 618 151
115 618 151
116 335 155
116 335 155
117 309 157 241
117 309 157 241
117 309 157 241
118 269 161
118 269 161
119 170 266 570
119 170 266 570
119 170 266 570
120 350 288 173
120 350 288 173
120 350 288 173
121 310 180 306
121 310 180 306
121 310 180 306
122 571 293 181
122 571 293 181
122 571 293 181
123 185 363 551 183 364
123 185 363 551 183 364
123 185 363 551 183 364
123 185 363 551 183 364
123 185 363 551 183 364
124 199 184 424
124 199 184 424
124 199 184 424
125 190 334 216
125 190 334 216
125 190 334 216
126 513 514 249 248 638 194
126 513 514 249 248 638 194
126 513 514 249 248 638 194
126 513 514 249 248 638 194
126 513 514 249 248 638 194
126 513 514 249 248 638 194
127 521 204 235
127 521 204 235
127 521 204 235
128 208 414 474
128 208 414 474
128 208 414 474
129 209 369 368 584
129 209 369 368 584
129 209 369 368 584
129 209 369 368 584
130 316 217
130 316 217
131 218 339 354
131 218 339 354
131 218 339 354
132 513 219
132 513 219
133 609 578 223
133 609 578 223
133 609 578 223
134 581 226 376
134 581 226 376
134 581 226 376
135 315 301 230
135 315 301 230
135 315 301 230
136 656 233 652
136 656 233 652
136 656 233 652
137 347 234 694
137 347 234 694
137 347 234 694
138 239 399
138 239 399
139 561 282 461
139 561 282 461
139 561 282 461
140 252 322
140 252 322
141 268 255
141 268 255
142 353 336 261
142 353 336 261
142 353 336 261
143 262 505
143 262 505
144 264 371
144 264 371
145 305 271
145 305 271
146 272 287 527
146 272 287 527
146 272 287 527
147 280 355
147 280 355
148 643 806 846 290 499 777 753
148 643 806 846 290 499 777 753
148 643 806 846 290 499 777 753
148 643 806 846 290 499 777 753
148 643 806 846 290 499 777 753
148 643 806 846 290 499 777 753
148 643 806 846 290 499 777 753
149 455 715 297 608
149 455 715 297 608
149 455 715 297 608
149 455 715 297 608
150 307 533 390
150 307 533 390
150 307 533 390
151 516 318
151 516 318
152 516 382 445
152 516 382 445
152 516 382 445
153 344 400
153 344 400
154 345 377
154 345 377
155 388 367
155 388 367
156 665 679 373 659 623
156 665 679 373 659 623
156 665 679 373 659 623
156 665 679 373 659 623
156 665 679 373 659 623
157 383 381
157 383 381
158 625 837 524 856 636 898 896 878 756 431
158 625 837 524 856 636 898 896 878 756 431
158 625 837 524 856 636 898 896 878 756 431
158 625 837 524 856 636 898 896 878 756 431
158 625 837 524 856 636 898 896 878 756 431
158 625 837 524 856 636 898 896 878 756 431
158 625 837 524 856 636 898 896 878 756 431
158 625 837 524 856 636 898 896 878 756 431
158 625 837 524 856 636 898 896 878 756 431
158 625 837 524 856 636 898 896 878 756 431
159 436 546 417
159 436 546 417
159 436 546 417
160 765 710 822 418 458 598 430
160 765 710 822 418 458 598 430
160 765 710 822 418 458 598 430
160 765 710 822 418 458 598 430
160 765 710 822 418 458 598 430
160 765 710 822 418 458 598 430
160 765 710 822 418 458 598 430
161 459 490 600
161 459 490 600
161 459 490 600
162 467 901 809 660 804 863 655 707 885 866 934 593
162 467 901 809 660 804 863 655 707 885 866 934 593
162 467 901 809 660 804 863 655 707 885 866 934 593
162 467 901 809 660 804 863 655 707 885 866 934 593
162 467 901 809 660 804 863 655 707 885 866 934 593
162 467 901 809 660 804 863 655 707 885 866 934 593
162 467 901 809 660 804 863 655 707 885 866 934 593
162 467 901 809 660 804 863 655 707 885 866 934 593
162 467 901 809 660 804 863 655 707 885 866 934 593
162 467 901 809 660 804 863 655 707 885 866 934 593
162 467 901 809 660 804 863 655 707 885 866 934 593
162 467 901 809 660 804 863 655 707 885 866 934 593
163 851 545 771 768 720 645 703
163 851 545 771 768 720 645 703
163 851 545 771 768 720 645 703
163 851 545 771 768 720 645 703
163 851 545 771 768 720 645 703
163 851 545 771 768 720 645 703
163 851 545 771 768 720 645 703
164 791 613 903 782 692 807 966 718 735 803 836 1000
164 791 613 903 782 692 807 966 718 735 803 836 1000
164 791 613 903 782 692 807 966 718 735 803 836 1000
164 791 613 903 782 692 807 966 718 735 803 836 1000
164 791 613 903 782 692 807 966 718 735 803 836 1000
164 791 613 903 782 692 807 966 718 735 803 836 1000
164 791 613 903 782 692 807 966 718 735 803 836 1000
164 791 613 903 782 692 807 966 718 735 803 836 1000
164 791 613 903 782 692 807 966 718 735 803 836 1000
164 791 613 903 782 692 807 966 718 735 803 836 1000
164 791 613 903 782 692 807 966 718 735 803 836 1000
164 791 613 903 782 692 807 966 718 735 803 836 1000
165 912 894 708 918 854 847 928 833 828 1000
165 912 894 708 918 854 847 928 833 828 1000
165 912 894 708 918 854 847 928 833 828 1000
165 912 894 708 918 854 847 928 833 828 1000
165 912 894 708 918 854 847 928 833 828 1000
165 912 894 708 918 854 847 928 833 828 1000
165 912 894 708 918 854 847 928 833 828 1000
165 912 894 708 918 854 847 928 833 828 1000
165 912 894 708 918 854 847 928 833 828 1000
165 912 894 708 918 854 847 928 833 828 1000
166 890 984 1000
166 890 984 1000
166 890 984 1000
167 1000 819 556 999
167 1000 819 556 999
167 1000 819 556 999
167 1000 819 556 999
168 529 729 452 796 797 738 825 745 769 890 984 1000 819
168 529 729 452 796 797 738 825 745 769 890 984 1000 819
168 529 729 452 796 797 738 825 745 769 890 984 1000 819
168 529 729 452 796 797 738 825 745 769 890 984 1000 819
168 529 729 452 796 797 738 825 745 769 890 984 1000 819
168 529 729 452 796 797 738 825 745 769 890 984 1000 819
168 529 729 452 796 797 738 825 745 769 890 984 1000 819
168 529 729 452 796 797 738 825 745 769 890 984 1000 819
168 529 729 452 796 797 738 825 745 769 890 984 1000 819
168 529 729 452 796 797 738 825 745 769 890 984 1000 819
168 529 729 452 796 797 738 825 745 769 890 984 1000 819
168 529 729 452 796 797 738 825 745 769 890 984 1000 819
168 529 729 452 796 797 738 825 745 769 890 984 1000 819
169 932 449 842 529 729 452 796 797 738 825 745 769 890 984 1000 819 556 448 594 50 331 422169 932 449 842 529 729 452 796 797 738 825 745 769 890 984 1000 819 556 448 594 50 331 422169 932 449 842 529 729 452 796 797 738 825 745 769 890 984 1000 819 556 448 594 50 331 422169 932 449 842 529 729 452 796 797 738 825 745 769 890 984 1000 819 556 448 594 50 331 422169 932 449 842 529 729 452 796 797 738 825 745 769 890 984 1000 819 556 448 594 50 331 422169 932 449 842 529 729 452 796 797 738 825 745 769 890 984 1000 819 556 448 594 50 331 422169 932 449 842 529 729 452 796 797 738 825 745 769 890 984 1000 819 556 448 594 50 331 422169 932 449 842 529 729 452 796 797 738 825 745 769 890 984 1000 819 556 448 594 50 331 422169 932 449 842 529 729 452 796 797 738 825 745 769 890 984 1000 819 556 448 594 50 331 422169 932 449 842 529 729 452 796 797 738 825 745 769 890 984 1000 819 556 448 594 50 331 422169 932 449 842 529 729 452 796 797 738 825 745 769 890 984 1000 819 556 448 594 50 331 422169 932 449 842 529 729 452 796 797 738 825 745 769 890 984 1000 819 556 448 594 50 331 422169 932 449 842 529 729 452 796 797 738 825 745 769 890 984 1000 819 556 448 594 50 331 422169 932 449 842 529 729 452 796 797 738 825 745 769 890 984 1000 819 556 448 594 50 331 422169 932 449 842 529 729 452 796 797 738 825 745 769 890 984 1000 819 556 448 594 50 331 422169 932 449 842 529 729 452 796 797 738 825 745 769 890 984 1000 819 556 448 594 50 331 422169 932 449 842 529 729 452 796 797 738 825 745 769 890 984 1000 819 556 448 594 50 331 422169 932 449 842 529 729 452 796 797 738 825 745 769 890 984 1000 819 556 448 594 50 331 422169 932 449 842 529 729 452 796 797 738 825 745 769 890 984 1000 819 556 448 594 50 331 422169 932 449 842 529 729 452 796 797 738 825 745 769 890 984 1000 819 556 448 594 50 331 422169 932 449 842 529 729 452 796 797 738 825 745 769 890 984 1000 819 556 448 594 50 331 422169 932 449 842 529 729 452 796 797 738 825 745 769 890 984 1000 819 556 448 594 50 331 422