119 103 1 
770 758 864 639 632 489 815 877 980 767 880 914 
919 85 730 999 989 729 60 428 859 483 960 827 615 159 987 867 539 589 552 243 562 140 531 11 629 188 523 862 453 945 980 148 923 990 997 808 899 762 840 956 671 338 294 
2 731 746 817 407 743 906 954 232 259 244 494 607 877 663 895 698 795 
462 955 548 787 689 996 477 988 752 35 122 563 202 972 785 101 748 565 113 3 759 169 420 786 196 881 747 492 
871 907 985 616 503 375 246 996 644 137 936 433 948 62 482 802 356 637 887 662 946 651 668 853 691 
801 780 740 998 957 799 897 917 675 888 714 870 924 942 861 206 535 4 829 887 773 421 961 930 
844 685 329 717 832 869 5 728 627 580 203 911 838 650 965 480 986 722 908 683 
346 231 6 
135 231 303 
20 154 41 7 959 
984 796 729 812 978 172 449 440 556 594 422 769 592 825 932 797 749 842 448 648 8 331 529 738 890 761 452 50 591 197 745 673 1000 819 
357 9 772 
472 397 772 164 
10 210 
599 87 105 
865 939 484 104 572 168 553 195 12 610 905 
319 13 25 
191 409 14 
874 734 904 913 921 573 977 929 312 15 973 486 693 742 654 744 920 313 757 547 
626 883 225 57 750 393 754 823 500 841 695 386 466 557 78 93 525 443 830 488 142 130 555 405 902 158 994 520 16 995 456 640 292 586 892 891 
512 537 167 646 427 992 251 444 850 245 977 501 886 517 28 454 481 716 813 674 491 413 574 916 384 549 974 816 944 868 725 614 976 387 17 496 91 44 131 991 
18 835 224 
835 151 618 
835 885 660 901 593 655 866 934 707 809 863 467 804 
214 186 19 
240 661 798 647 834 681 959 446 
793 935 602 670 664 922 910 875 760 699 485 979 21 927 784 763 
624 415 283 
328 22 628 544 
582 55 23 63 156 
317 298 23 
697 532 24 778 558 622 848 818 597 221 937 32 327 396 631 900 940 
150 26 576 281 
27 536 323 575 739 
29 286 
814 543 789 933 713 341 380 677 774 228 641 792 684 926 411 
123 882 690 201 237 361 672 349 442 567 30 441 964 192 970 325 182 324 577 134 429 993 911 842 379 473 595 465 736 893 348 176 967 915 732 755 
603 450 31 766 843 724 
50 438 222 33 
43 34 
36 389 275 
198 37 
723 530 709 719 845 604 700 680 934 951 879 855 813 704 238 963 479 
526 38 
620 526 538 560 
171 779 794 360 469 437 302 826 949 39 741 936 300 332 365 705 515 289 612 215 666 291 958 
47 569 596 40 
451 658 257 962 423 518 775 971 737 667 590 175 152 42 296 587 952 669 267 270 509 263 953 370 800 721 502 696 950 278 630 852 394 811 70 968 
45 247 97 
45 295 358 
583 46 507 242 
545 720 703 768 645 851 983 771 
733 657 711 831 756 909 873 550 966 857 634 118 983 931 925 
48 276 220 
49 352 
566 410 160 
51 362 250 
304 52 
117 53 439 
510 90 343 143 54 
256 582 
144 258 434 969 56 132 726 702 508 938 149 528 457 898 588 790 764 
687 404 58 568 849 
98 59 
579 61 299 265 
884 981 621 688 781 460 64 476 889 534 463 495 905 468 875 77 541 174 642 961 975 165 686 419 540 
65 229 435 
178 66 470 
67 395 378 
408 68 
408 504 391 
69 147 273 
71 585 337 309 559 
200 72 
478 73 
279 478 133 
858 839 605 554 876 941 611 464 701 487 498 74 860 982 751 872 426 511 635 943 
260 75 
601 76 207 
79 406 519 
810 727 824 141 820 947 678 805 783 821 80 
342 712 471 727 
95 633 81 
82 253 187 
179 372 374 83 
84 649 
533 390 649 307 
321 649 145 432 
86 776 874 412 340 
706 542 88 330 
153 89 
274 90 212 
92 351 326 
94 110 475 402 
788 277 606 564 96 617 
285 619 506 99 
308 100 653 
102 533 359 
366 106 497 
107 138 
425 108 
425 211 284 311 
109 385 
111 522 193 507 
227 112 314 
129 114 
115 128 254 
166 116 
392 120 177 
493 121 236 
447 124 320 
682 125 403 416 205 
126 213 676 
127 398 162 
401 189 136 
139 163 
333 146 
335 155 
241 157 309 
161 269 
570 266 170 
288 173 350 
180 310 306 
293 571 181 
364 551 183 363 185 
424 184 199 
190 216 334 
513 194 514 638 249 248 
828 833 918 912 928 894 847 708 854 986 
235 521 204 
414 474 208 
584 209 369 368 
316 217 
218 339 354 
219 513 
609 578 223 
581 376 226 
230 301 315 
656 233 652 
694 234 347 
239 399 
561 461 282 
322 252 
255 268 
336 353 261 
262 505 
264 371 
271 305 
287 272 527 
355 280 
290 806 846 643 753 777 499 
608 715 455 297 
318 516 
382 445 516 
344 400 
345 377 
367 388 
373 665 623 659 679 
383 381 
896 524 837 856 756 878 625 431 898 636 
417 436 546 
418 430 822 598 710 765 458 
600 459 490 
803 807 903 613 692 782 836 718 966 735 791 
