6241 2320 7774 1318 1679 5705 6515 6660 5642 8280 788 1 7989 1403 6480 3436 5134 4553 9747 414 8452 2071 8078 8278 6512 8152 6260 7975 8566 9459 3582 9991 5138 8818 5541 6108 9858 1813 6125 5467 5575 9553 3634 2989 6201 3722 7702 1052 
7800 2389 9256 2101 8236 8833 43 857 2760 786 4280 5679 4711 4061 9803 9180 3062 1567 4888 25 8136 7046 377 9103 6315 4610 2788 5626 8696 3811 9751 4330 9241 7894 8847 5957 8753 2234 8671 7986 1189 8899 9689 5564 8320 1674 1190 9897 7754 2195 354 6859 2269 1443 4759 3439 367 2608 8816 8608 6769 2624 6296 1814 7239 563 3643 4334 7279 1772 413 3125 7944 2415 7606 8226 4131 8687 8811 1038 9595 8579 1482 7884 4653 2109 5704 9967 5968 3301 866 5706 600 2067 4487 5146 845 8023 3723 6939 594 8492 7649 4416 1045 5960 2318 2369 6115 2907 3462 3575 770 6019 9206 6662 9022 6234 420 8566 1798 9576 9898 569 4784 556 6875 7242 3048 4712 9250 9569 4866 8869 1401 4531 
8420 9625 6143 6005 6075 4245 2009 6363 9686 2647 9574 9609 9489 5855 4039 6491 7829 94 8453 2653 7386 5479 8804 99 6846 960 4684 2397 2023 8535 830 6053 1162 9858 1966 753 1240 1358 1763 8591 7228 8405 884 421 1087 4984 8879 2679 2549 4505 6064 1888 234 
4765 9320 8590 2926 4966 1143 6510 9135 5091 8553 5761 5938 1435 2387 5272 4091 7053 5000 304 678 7622 2 5716 8516 4753 7510 935 1479 4108 6976 9908 8379 1856 6025 146 2430 897 2353 7923 5367 5734 3843 5075 5508 6111 7596 1034 7717 2377 2803 7179 1595 98 3770 9586 5573 9018 1580 6131 5136 1697 6908 1757 4942 4965 4951 3010 3972 5411 2383 3494 745 1471 3538 5339 2791 8906 8853 3703 
5639 6761 9034 9786 282 8085 4192 6062 8554 7013 8138 1369 9175 664 9822 5742 7827 8327 905 8968 6516 659 379 6109 7348 537 4813 3451 792 3476 6807 875 3313 5208 1710 1656 329 765 9679 1647 9964 3896 1976 2778 5521 4500 5292 1392 1682 9054 7864 2771 9331 66 3868 9939 9815 7361 3403 7485 7330 5335 6348 5203 9910 8800 260 9511 264 2126 3998 9116 2038 8442 6319 8234 9541 4348 6841 6487 6138 5663 473 8725 338 4408 4239 5334 6832 9649 5294 1453 423 1000 1124 9134 3457 8987 9005 265 3188 2642 4739 1042 9412 4025 8230 8710 7625 3792 4220 3980 9430 4294 1542 993 4255 242 506 429 5384 7367 8340 1765 5229 3 9936 6039 6067 8043 4072 9671 1883 2940 1346 6252 1590 1823 5526 4829 7318 7097 1516 5851 7703 7484 838 9184 8264 3425 7820 9554 3233 1643 3955 4394 3940 9925 6525 3973 
526 9797 4344 8744 1384 236 8623 8641 387 1286 9697 9862 1543 1430 8900 1014 2165 3704 8970 6935 8862 6109 9086 453 736 7152 4675 5495 6988 2039 8241 1627 9720 882 7843 5065 9578 938 6636 6742 3509 235 5043 8425 384 5555 9626 909 1354 5416 6687 3433 4164 5477 6966 1569 6555 9939 5427 947 8187 4719 7548 1748 9052 5606 6587 524 8643 3664 1808 9286 7208 3175 3220 1301 4580 5852 4431 841 7998 2714 7542 3883 9115 1317 3355 832 6402 3401 6710 3504 7532 3366 9435 9328 482 6445 6090 2600 3873 6948 7369 705 4069 3180 2612 8650 6063 2441 3428 5135 3091 7358 6219 1978 9398 6382 1645 5224 9736 687 8319 2729 3151 4810 8702 8386 6870 8694 7740 3385 39 1980 3889 9390 2622 2129 2255 4635 4151 4080 1070 5700 9935 9567 4057 3573 2253 6612 469 8542 2409 7943 3131 5066 1413 8130 8895 7657 1898 2472 5859 6384 2119 5956 6373 2298 5643 9919 771 1183 
3697 2955 9372 8656 6538 4120 4384 2065 8910 3937 2073 6810 7319 2461 5552 8960 5211 8228 8885 9534 6808 5698 5931 8392 4021 8132 11 6927 7304 1759 7313 8283 266 2394 702 5276 6943 3680 2314 5026 6295 7984 4830 1303 4302 3720 1641 8424 9934 1780 1278 2144 2546 5177 4999 1969 6748 3658 8905 5192 6551 8112 3631 509 6668 9065 7770 3502 9316 459 6576 4632 1282 6985 9662 2594 8629 9931 492 1305 327 5583 4803 8017 3444 6564 5634 6689 9273 6119 6282 4 6501 7314 5644 
5392 7660 6562 6176 8599 4056 5093 5156 440 7674 8172 7168 9924 52 5926 5900 7681 4833 3211 206 5041 6757 8269 3649 5950 2788 3352 8204 7337 4501 6452 1753 2533 9159 2194 9521 4352 5682 4817 2228 4181 1600 8175 5264 6088 3220 4132 4969 6773 6481 4390 5517 3616 2928 2781 9107 3116 6321 903 6424 7016 1687 6291 4763 4582 9108 5941 592 7801 6205 2187 854 4022 6369 2937 893 5383 3446 9492 632 5064 7297 1332 6851 5795 4752 801 6076 6546 347 8658 359 2883 8090 9071 7659 277 5296 1015 8060 353 8895 6014 7936 8155 7574 2335 9560 3905 1920 
5529 2486 539 6250 1132 9417 6 3791 5915 6224 355 7344 5896 3609 6825 6889 8309 2031 6378 8541 9589 6257 8865 984 9450 3396 5560 619 744 9521 8534 9443 8537 6100 406 5675 733 8563 6338 4783 7808 456 860 6805 6658 3837 6496 1173 2804 5238 1716 7324 8178 3736 7542 8240 3881 5955 3208 8925 5566 8904 4193 1012 1243 1965 9915 3994 5425 8071 1645 9366 6310 1386 9731 3416 5172 1941 3911 9228 9655 6578 6374 6585 4177 5875 1117 8776 2658 5370 8317 3608 7640 8357 2489 2392 8713 8119 
1724 4592 6613 616 289 1558 5920 2249 7287 4384 9931 9722 404 7813 6117 6899 3295 4733 3200 1366 6683 5126 4677 2055 6231 4377 1150 6498 2829 3319 8974 7632 4132 6096 997 3117 4026 719 9257 7925 9599 4394 578 8771 3184 7541 2959 929 2209 3316 2511 9208 1228 4599 
2173 2901 4878 4604 9442 8840 4281 9501 5165 7579 9381 5421 5743 5082 7501 390 1841 8829 7365 1218 3394 5160 5005 4457 8205 3441 8238 1091 4565 6404 5516 3294 1949 9484 8104 8692 8564 3266 1231 2587 8053 4720 2487 1019 5457 6900 9334 8326 6696 1171 6467 2433 3595 9461 1600 2037 9849 1795 1120 2190 9770 2332 9943 3734 4513 6730 4001 3447 7602 5 2136 29 9116 979 1712 8881 8866 8077 827 3693 7628 2805 8033 137 3828 281 4615 2509 113 2592 8624 1350 5868 8472 6324 3505 598 2868 7524 7274 5584 2337 3743 6770 9607 8633 4067 5460 5951 6328 996 9630 5417 4110 7393 4987 9055 3230 6242 2763 4747 6874 6229 6901 8603 9458 1343 1805 8089 5635 3275 6011 3759 5397 3537 4461 8430 2130 8825 2096 5119 778 4895 9662 8922 9721 8958 6309 5946 7951 3374 3206 6148 5297 2079 9564 1578 1280 3282 7391 4279 1585 9270 40 7442 4381 9650 4697 2469 1801 3072 3243 8510 7298 8086 9441 5270 6720 5358 3744 3025 729 7655 8041 
5884 5507 2287 3480 6843 9745 8930 460 634 3944 5946 8373 6429 5310 7255 4572 5969 4586 791 9277 551 5387 2997 3877 6942 5804 7148 9304 4088 1984 3656 2384 3241 8787 6317 7613 2191 8403 8239 5816 6533 2965 9195 2629 2507 9248 4911 4449 102 7762 6561 8750 2632 5522 6253 7588 5258 5733 1701 5024 
5164 3495 9663 7845 6221 9992 2722 5701 7769 3464 2953 9007 5382 9381 8500 3687 5801 562 211 5693 8345 7035 8092 7608 9013 5179 615 1725 7403 4675 204 356 5473 4054 4283 5395 3344 9301 921 4779 3690 4921 1786 2717 6554 3238 3763 4956 3017 6565 7927 4848 3568 394 9806 4761 9792 7118 37 1216 5309 5391 2395 6637 6814 9487 5696 103 8980 3693 6196 661 3968 6139 5884 5569 7030 1209 7342 887 5882 3431 4603 497 2692 2446 9915 8834 6294 2701 5129 9795 6158 5598 2282 4155 8069 9794 2397 9814 7397 4938 2631 2634 674 1445 2104 520 2202 6958 4249 3020 9627 1948 6288 6592 2255 6854 9385 836 9717 6211 8783 9431 5922 7102 5746 6953 8256 396 5348 4746 6813 5906 6699 4823 5661 1178 2296 2828 6607 803 2026 7306 1194 7457 8982 

9225 5113 2782 6733 900 9415 91637 8872 3729 1676 9417 2681 7569 5143 4525 3216 653 6159 9944 8217 2062 1734 4434 4241 7744 3784 468 2044 8344 7908 4147 9730 2988 5613 4375 1990 5210 4681 8724 6022 9089 879 8888 2515 257 4644 8497 5169 6632 2550 1719 190 4097 6178 1790 5836 928 3501 6099 9165 4845 9830 5313 4780 9691 1365 9451 7756 7382 497 4657 2898 3511 4111 7175 9644 6795 9042 7683 8727 3889 1238 9796 7291 3054 3119 6453 5136 467 2174 799 9455 9478 1513 547 5223 886 5411 8580 6469 3204 4092 3367 274 8000 4824 9988 1838 1825 313 2751 9836992 7349 9692 3186 7006 8991 8296 5923 2460 4203 5453 806 1699 1488 1272 7493 2978 4282 4307 412 1908 1024 3660 7117 5445 4106 1267 4527 3302 7409 5352 9476 3506 2591 4309 4500 6214 969 2340 5769 6345 3699 671 7639 4946 3102 8734 1592 3022 8699 4659 7863 6494 5890 8998 3858 5648 1766 3318 9248 8698 9479 1993 6245 5287 2363 7664 9292 992 5442 5930 7712 2954 9136 741 6350 2286 2813 7653 366 3094 6890 1201 2315 5903 3772 2581 6594 5171 337 7270 5141 7480 2497 9819 8783 5185 4420 1023 5839 4336 9218 109 9413 6905 2283 3239 9323 9952 727 382 9812 8225 4816 3629 3817
8598 3697 1279 7103 9343 4119 6263 1664 3550 7982 8760 5934 8655 6828 8988 7509 6349 4468 3985 3445 1859 6334 932 1564 7141 4901 9654 1524 308 6641 8812 1438 8135 7 7538 6633 5994 3984 756 1027 1113 9117 6183 3651 5396 493 4800 7536 3042 6542 842 4440 9033 2908 1857 2162 2124 1763 9995 8881 2982 7155 6860 8424 9528 9373 1591 3612 8141 583 9448 7920 4383 2671 2019 2730 7431 3055 4219 6671 4178 7088 6060 8521 4798 6194 345 4730 8870 4228 8074 3316 2693 3456 2562 4544 974 4301 4847 4842 6624 2742 531 6092 3809 5496 2403 7312 7875 3334 375 9962 9999 8126 489 5713 3956 224 1097 4948 4413 6209 9998 4319 5409 7902 376 6408 8180 6877 9940 8523 3659 9496 7477 7623 1138 7805 763 
4993 9337 9410 8030 6040 5821 1506 2649 2004 5514 9596 5466 6302 8928 1589 7012 9648 8716 5156 6639 142 3330 4357 6695 7634 7163 4648 6853 4769 6590 2966 5485 4790 6584 2619 617 894 8800 5528 9403 9262 9527 2276 2544 7245 4195 6924 8207 2886 4157 9590 3602 3448 
1818 2366 3947 357 3063 9106 6984 5602 3618 5608 2691 3552 553 5086 7454 9009 1376 3294 4236 512 6617 5532 3051 7149 5469 3814 2466 6098 9486 2471 5541 3910 1322 2407 4234 704 516 5326 2047 7370 2610 2869 5029 7227 3710 5642 972 324 3657 5548 977 5857 5819 7206 5250 2831 9274 7095 2820 9615 2128 4014 1005 9035 1436 7688 5593 207 1967 1402 7385 8402 3755 2365 584 3846 1652 
7273 361 8498 5609 5671 5003 1919 6539 4982 9174 7756 2853 7782 8351 2131 3165 1078 1508 9983 1311 4704 6644 2571 1093 3816 3212 3698 9187 4589 662 9324 2259 2808 3967 6358 6248 9357 9353 9102 1904 7080 7381 4757 2561 2417 3037 6589 2525 1356 
203 163 3594 2773 2745 2057 5045 7792 6085 7222 4799 1383 2456 8841 1437 360 1495 7901 7595 6323 3696 9457 6359 9980 724 3452 8828 7182 6530 3004 6193 8 6791 6320 9039 5853 6061 4454 5984 6136 5475 1730 6575 9210 3546 9182 8127 6686 5723 4343 1054 3577 4259 1247 302 872 7483 2147 2689 6476 3936 5617 3490 208 6629 8222 4630 4287 427 7816 8299 4103 3176 5266 1636 3477 4970 7654 8408 5902 3688 9810 1326 2529 5758 1750 4715 6914 2683 9846 8224 2542 1863 
1263 8849 5738 1893 1705 3421 2800 1161 4519 6767 8896 476 7521 8174 6586 8509 3800 3916 9558 6907 1561 3682 3794 4758 9333 6669 4268 7252 8747 1111 134 8805 9 3107 1847 1473 5558 5220 6937 4588 6794 5933 3771 2870 9733 3301 3965 7825 1535 2135 5069 5450 9769 7500 9416 1163 1957 9537 9946 9036 5959 2029 6777 
9969 4661 2955 2475 8107 6137 9750 4598 6967 8514 5323 5969 7203 515 3228 9828 7645 8688 5721 8375 1903 4133 9833 517 5277 5015 7305 5078 9821 7734 6743 7205 2146 5814 6520 4250 8025 8290 1048 6204 1327 667 1733 8912 6313 3752 9154 2013 8091 5073 7492 1136 7927 3467 3655 6996 9024 7598 7585 7150 6381 2641 8653 1126 5630 6058 293 9313 9380 1602 1971 3140 8858 1869 6777 3103 9344 9958 7603 2948 6181 616 7929 2084 3702 8200 5268 9254 7078 907 8509 9583 5334 6765 3615 2654 3183 9790 2536 936 4933 1180 7735 9045 6217 2873 9249 8749 9559 7263 4225 7836 3324 6059 4037 5621 5132 1925 7476 1202 2861 2981 707 7089 6322 5195 5662 9431 8846 9230 471 9519 1775 6631 7764 7023 4169 9921 7473 7701 2324 2508 2796 6488 6626 9416 5283 7303 8814 6008 9580 7285 9352 4154 
8289 6335 8013 9317 9264 4740 8123 2539 7421 2093 6714 6574 4907 3885 8151 7860 3066 1583 9946 2357 9219 3814 178 3207 6931 2603 4963 9667 6286 4814 3432 5963 8301 4756 7651 1718 688 8810 1496 2718 8890 8439 7746 9440 2863 8467 7573 939 205 4452 5455 5860 4298 4596 214 6570 8325 4542 8140 5095 1319 3371 7444 2024 9530 9785 9428 6855 6503 5997 2350 5826 8074 1096 9069 3089 152 6779 8797 6466 1511 6862 6964 9002 5068 9203 8163 3812 6786 5572 8883 9452 8264 6423 3057 787 4804 1335 6583 5050 8983 4463 1214 3823 8714 9984 2349 774 
3321 4962 2205 8680 2182 7579 5743 2872 1832 9545 8412 2381 3040 9086 447 2245 9403 2964 3300 7456 5359 4924 3941 2477 3695 6815 3351 5726 6698 1695 2171 6473 3466 9502 2799 3154 7394 2458 6883 2846 1527 6265 2794 6842 9547 3890 8669 4621 9010 557 4370 6477 1315 5448 6691 9782 5707 5972 5104 7940 8189 4935 8555 3942 8536 7230 3678 4238 9736 3414 5153 7816 6455 8717 3256 4960 6606 2795 3539 4246 9978 8695 3751 6401 643 5886 2479 197 2816 2343 4568 1419 5939 3949 9975 4415 
7847 8792 5154 1650 3915 2127 5366 4731 4802 6387 1994 9404 3398 4112 9873 7156 8116 5056 1742 9350 9183 8934 9303 9901 6277 10 7049 1397 9335 8945 455 7911 8153 697 6173 8882 5653 3564 5665 4828 1898 5841 5703 6616 6740 8071 358 7901 1824 717 7885 8295 7162 899 5599 3331 1378 
5090 2706 6301 7491 7018 2319 2875 8972 6586 3345 649 630 8110 2839 570 7049 3640 5945 9972 2534 6975 679 2261 2018 2802 5122 7233 49 588 843 5241 6881 8952 9514 8529 1626 4725 4482 5320 2462 7727 1470 7692 5396 4426 5100 3496 7520 5779 9890 8439 7635 5750 2465 9128 7486 3950 6826 3226 6153 4943 5202 7969 855 1225 4077 6094 1531 4912 6398 7796 3149 8908 2755 8693 7866 430 1237 8048 2865 3429 6477 5942 621 6952 7903 9153 5614 9901 2035 6840 2743 5325 9019 393 8418 7776 7868 8527 8082 9701 466 9950 7772 5183 4847 8404 2563 6709 9477 2888 4857 12 3527 500 5144 2605 4386 3470 1499 5415 1063 8729 1420 3095 7612 3673 5405 9142 
6940 4517 2747 7317 6342 5323 386 6646 5083 5445 1815 6764 8348 286 3361 4713 6352 3419 2295 2066 5863 8367 7938 8716 7251 1960 2150 1433 2114 5252 4429 4247 7147 3611 1529 861 2775 1422 7167 8540 6529 4557 5773 4374 7352 4981 3935 6020 6974 5869 2286 3743 5028 6990 8383 1118 9630 1122 6735 6219 5327 2325 2400 8065 6082 2075 4396 6261 7367 5536 2434 5274 542 9311 4325 1575 5798 3383 3990 7942 8242 6690 8963 5435 9258 9283 2264 5295 1972 6772 1709 6078 
4010 7220 5257 2161 7407 7051 6150 4265 8377 5110 950 443 139 633 7174 4485 1298 6122 2598 5790 9571 7178 5899 8807 4722 6739 747 4930 5015 698 9004 292 1255 288 4213 3832 896 9068 4645 7926 2684 8435 8880 3247 276 4198 8215 4855 3115 6133 9680 825 8821 9466 3960 3795 2102 8602 3274 9016 5007 7572 1241 3378 8973 2877 7037 1081 1954 8686 2817 8795 7080 4046 8458 3531 144 1850 8426 832 3071 3426 1573 1109 9330 8967 1498 3706 3487 2518 4797 9816 956 6726 7977 155 6495 8707 1870 3288 5369 628 785 2524 3854 1762 5057 6500 5046 3292 3008 7498 9011 4173 858 5097 1355 2770 408 1395 5133 3074 2702 655 2583 3796 6703 1864 8185 6329 
5980 1262 3855 1155 6784 8911 8872 4286 177 5067 5306 172 9231 2854 2305 4569 6876 432 2445 8015 3677 9047 927 2970 6186 8114 2088 355 5004 7436 4751 7506 6762 6677 6255 7777 9132 3515 2582 1552 2402 3468 9585 9312 1383 407 4602 8087 9283 648 6943 7267 4267 8260 8258 6065 8485 5240 3465 9845 5008 5638 8690 1689 2724 272 240 3909 5363 9393 6881 2971 7921 
8456 8483 6040 8745 2231 8011 9994 8700 7041 9056 1462 5891 3109 3473 7108 259 217 4203 3410 7106 1783 5752 8330 4624 1207 7418 4709 6279 3380 708 2294 4479 8165 5437 985 8763 9201 448 3864 3638 6006 8524 4655 8396 6043 3709 1300 2737 5404 6407 9611 4107 991 7335 2199 9631 6341 5025 3880 821 7848 4891 5551 8464 2473 5047 2223 9855 4683 1399 8659 9536 9996 2912 3805 3637 9196 4673 3391 8993 7045 2005 8979 2326 641 6271 2675 7362 5935 2213 7889 8297 8192 5329 924 3756 8401 3482 410 5970 4539 3559 9842 1654 507 1056 3342 3512 9362 1731 8040 9221 9670 1754 6180 6540 1620 5861 1098 2142 4502 5781 7906 1826 1720 8775 4205 1769 4532 3083 4406 1320 2925 4838 8607 5763 768 5370 986 7214 6689 4789 2396 4555 6373 6934 2851 4674 2028 9471 8626 157 
7590 1299 4417 6605 5708 9747 4061 968 4293 1802 8875 6028 6556 2801 1011 7351 5893 694 8348 4093 5457 4409 3888 1424 1773 3939 4098 995 2278 9674 9267 1665 4890 2767 4516 4047 545 8108 5483 2033 4620 8789 125 8669 8139 625 4465 6207 8557 7050 3507 4346 2375 9183 3585 5561 4591 9146 5344 864 2301 7272 2601 6050 7359 6746 2310 7945 5347 7199 8857 3571 8031 4171 9425 9414 5767 2655 7000 1728 1688 5487 2333 9927 5123 3787 2733 963 4559 457 3191 1475 8501 1032 5689 8552 2991 3368 5275 5337 
9827 2761 9402 203 3689 3995 5034 7527 3286 4496 4821 998 7803 159 216 9468 7624 3156 83 6580 7972 916 3927 3474 515 4272 8098 618 1685 6741 4231 4851 8079 1738 8407 9031 7447 8096 5510 9246 7441 9979 2418 4288 8046 4389 7044 7189 194 3563 941 484 4536 8777 3329 6056 1923 6149 3685 9491 9954 969 1777 9070 7557 8159 5739 4122 4629 4248 4401 8307 1950 3449 703 3263 817 1265 3030 652 5676 6902 4516 5216 9213 9787 3776 129 6070 1512 1755 8638 3632 1502 2728 3413 7244 9584 910 3472 7672 3871 6872 7626 3648 1050 8118 4160 1457 5550 957 7528 5824 6035 9971 2708 6016 9445 1168 4458 4730 4033 9531 1467 9608 1970 2404 2951 6728 9041 8316 3032 69 9682 1675 4028 8031 3395 4692 4445 13 5084 6549 3988 6908 2172 9406 555 5628 9772 9965 3969 773 8232 5757 3986 9021 1876 9955 7375 4337 1417 727 115 5358 8615 
5062 3798 6073 3526 8462 24 1022 118 3926 1404 9217 7964 1771 521 8767 1281 1660 5612 813 5027 7798 2021 8531 3663 299 5835 7146 7024 8699 6314 9447 7853 2754 4499 2611 5760 7328 636 7307 1006 9973 6944 2641 4631 2503 1952 9205 5040 5298 8122 3049 952 3075 8903 3387 2502 5470 8484 4782 9892 7058 2859 6160 5353 4260 9715 731 14 7994 8347 7643 4507 3281 3148 3856 5901 9829 2003 4168 807 7014 7741 7052 5815 3349 3067 1669 7759 1532 1988 4299 130 5311 9641 8027 6356 8198 1873 4548 4922 4914 7329 4174 2821 7434 4104 6788 9959 2827 492 9637 8266 8936 7743 5120 4419 7642 6423 6304 2258 7552 3589 976 9437 3082 7952 6386 8197 1541 8154 3346 5783 3872 5837 7667 8376 6223 4414 9243 6299 8714 1751 8772 4514 
2097 6511 1618 1831 6343 9185 5811 7350 7048 1842 2573 5006 4329 5576 9856 1248 7611 7533 9379 3423 7096 8334 158 2274 8901 6749 2215 9624 7783 6117 6069 5800 560 8609 499 4579 5648 8782 2077 4338 5238 5140 6340 6002 5072 8662 9800 7564 9938 1378 721 1977 7479 4880 1611 2736 2078 6581 5338 15 5246 8718 5881 7137 8644 5355 2212 403 8759 5322 9516 7145 5765 9620 507 7177 237 317 8268 7435 1827 4686 7084 8809 6450 6818 2158 7069 1881 6057 816 5563 6880 990 2087 7438 8571 4170 9118 9040 5200 4124 7240 246 1175 4972 1020 7226 8057 8517 
9918 4878 7338 2998 6767 105 4534 8296 6247 1739 9693 8391 1685 4966 2765 6388 1913 6892 6968 8025 8761 2752 4560 5535 1083 9964 3528 4351 1877 3339 4165 4114 3635 3912 8673 7216 7586 1490 6243 8636 6836 5964 2089 7395 7373 5825 1242 8832 8765 9212 1079 3273 15 8861 3876 2042 936 5829 8625 6524 1547 9045 3362 6569 3279 9198 9088 7061 9799 4078 5071 9173 9518 7872 8369 706 9341 2576 10000 8752 141 6806 3597 3665 4295 2025 5449 6670 256 3921 2599 1987 7677 3138 7157 8613 3779 
1246 746 4543 271 5142 9556 7326 4858 9692 6986 3461 8246 5281 7112 4053 8211 2568 2257 5912 1781 1197 6279 6807 5772 3081 890 9808 1934 1546 5465 2216 6237 9017 4467 3452 6715 7554 3902 1715 4359 5079 9891 7928 4957 2110 6360 6664 2857 4332 138 2391 2386 3357 5486 8659 1368 8255 6763 1200 7531 378 2882 5874 4162 3952 6395 8272 6267 9060 4355 2122 3978 9900 9178 761 7723 5717 7186 8838 635 4373 2665 9791 1385 1834 4223 316 7093 978 5269 7522 4335 9765 9628 6163 9577 4318 305 2949 981 7540 397 8197 54 2903 5050 5646 6300 7311 1313 8331 522 8931 5756 4567 1644 7948 3744 2235 
7463 9666 9375 4086 1068 186 8582 4682 1973 8743 6415 6831 3716 8394 1543 2997 3801 5196 4899 7107 5207 7123 6918 5371 5625 173 6796 9156 4277 8104 3769 6164 3961 8434 2082 6885 1601 4012 2140 5709 777 8328 3351 3271 8493 6623 1144 8120 2621 4520 7281 2364 122 4871 7426 2080 6591 3317 2709 6088 8532 3893 2103 1526 3913 2236 16 3498 5871 4296 7719 445 6239 4494 65 5596 8975 9325 6079 9057 536 4538 6971 3358 3122 5908 5076 7979 6351 1896 7870 2183 1188 5159 9003 3105 2564 7420 2738 9433 1461 7372 6723 8157 1245 9802 1678 1180 3059 8951 1770 2809 1141 1223 2388 5350 3754 9164 9271 2292 8065 485 6330 9619 7264 6518 7599 1691 3533 5116 4854 9453 3588 9449 6838 5570 5259 7691 2056 8611 6492 8720 7689 1057 725 4065 7875 6001 9426 47 2735 3209 7859 4667 2870 6146 3437 7195 1451 8774 8357 5149 2669 3249 668 5876 2930 1086 5454 4649 
6598 2995 5303 5273 722 5263 1398 5199 4040 3908 8265 5330 1667 8177 4870 8329 4841 2565 2125 7414 1568 1774 2459 9848 1444 9524 3870 17 7721 8574 6544 712 9581 7197 6013 8202 7139 3741 7999 2987 8929 9673 9278 7292 3225 8195 4254 2596 4214 4777 6100 6198 7354 3099 720 7758 1288 436 7576 1747 6688 7235 8049 2558 2394 1173 8208 7810 3666 2188 3224 6766 6344 9744 1251 9469 7120 6420 1854 7327 9199 7597 9109 1853 3336 2690 9804 2516 5446 7865 1059 1362 9066 1252 3728 9713 5459 215 7175 8924 4905 4736 4009 4997 9767 9718 3246 5432 4183 4976 5578 5556 1026 8316 9543 1211 3822 3013 1181 8113 5332 7419 6392 9240 9414 6674 7654 2789 8868 7919 228 6370 7079 5401 6034 2050 4760 9158 2976 6751 7799 5658 6251 2703 7751 9874 2785 9095 
5610 5604 8794 2424 9235 1889 9796 8350 2247 1559 7215 7616 9291 5074 1981 6818 9238 8276 7806 5131 7505 4985 510 971 6226 5747 4628 6428 4285 5899 2615 1135 3214 7518 7021 8032 9483 690 5499 523 4266 5152 8770 2105 3015 7750 4071 3810 4032 9676 7868 7739 1227 3621 9068 2265 6483 2962 1782 5176 5887 4011 335 7188 
920 1707 4605 4206 6147 2373 1692 5549 2682 9681 3626 18 713 4481 3719 5188 4750 5732 7580 8651 7779 1140 5463 5502 9535 9408 5022 5547 209 4886 605 6376 9150 5465 2360 7280 8135 3382 9616 9909 3958 2532 3096 2334 6052 9612 2012 8621 196 4808 4702 9922 3485 5650 2177 7949 6949 4275 5170 8006 2723 3375 7809 3435 8103 3996 9423 2725 7795 4533 1261 3210 6312 5101 9759 1501 1452 7588 9171 6318 4688 9805 6896 4792 4641 9540 7331 7002 108 6293 5833 2043 4398 9653 2705 8884 3157 2798 1029 5031 5438 6867 9991 5877 6135 9371 574 1229 8933 8814 6080 3761 1606 6246 9503 7587 8815 9251 7410 
4835 9706 8373 8374 294 9126 1553 8482 2233 502 3052 1638 140 8353 8314 1258 6151 9636 5686 8873 1879 8007 5521 9454 8320 2938 5974 9618 7389 8984 1997 5315 5845 3804 1167 2897 2034 3749 1172 7347 9591 8845 3907 8173 5333 7652 7068 2345 9245 7223 2362 8140 7849 9023 153 1547 3558 9429 6886 6210 1254 4466 7019 1416 6192 6643 8678 5911 7852 6916 3201 2727 8962 7893 2659 19 9568 3241 6774 7661 627 7910 9872 2759 145 2652 
7525 1792 8142 4137 6355 8793 3791 154 6608 7174 478 7752 4016 3981 4075 6391 7035 1540 7261 7900 6595 7584 8214 8830 9339 4860 5534 7730 7320 6775 8315 1812 9781 4437 167 927 4766 1522 9983 60 1744 6338 3746 5484 6658 7607 5009 3106 8791 1148 8578 2290 8270 5601 8044 2186 9533 696 6956 6239 2134 7428 4936 6718 1296 1584 7412 966 7243 8047 4313 1217 9684 4992 2687 6997 9811 5080 2569 9172 7565 4551 9920 1102 3740 8037 6102 247 7460 7822 8701 3079 1570 6746 6855 6789 6038 4524 1036 2376 1380 2843 8237 267 7974 3976 9773 4693 9708 2643 3424 3617 7690 5306 9400 9474 3206 4511 1936 8892 3842 7449 7079 3328 9147 2237 2967 3714 4423 8986 5374 865 3217 
9623 9034 4521 6654 8670 5789 9170 5553 6513 9075 2762 2076 7392 5497 4903 67 4418 7684 874 8231 9840 7471 2263 8703 5005 538 9860 3118 8050 2750 1112 5480 8460 9029 1767 9377 395 2633 3312 1044 3613 8856 8322 6187 953 3692 2756 1556 3027 9081 9774 572 147 3700 2379 6167 5647 2753 1497 4975 20 3128 775 6998 7172 4699 1612 3554 805 262 961 3507 7356 9112 5794 2523 2226 3213 8422 8169 151 6426 3171 6394 9878 877 213 6191 6414 1901 6759 8586 5146 7031 8428 1466 658 6798 3892 2793 2975 6640 5116 7009 4472 5492 3775 5290 1587 6650 446 8273 6768 8768 5719 7176 4436 1661 9968 4006 1080 6994 5590 768 4232 6914 2193 8513 5803 4196 6433 9993 1579 7258 6405 3454 1684 6097 2390 4116 1536 3029 4415 4099 8518 
2204 5546 9951 9933 577 1206 5538 1226 3691 2291 4324 9378 6033 3821 3510 1917 5440 2979 8652 9775 5885 3672 9020 4754 9524 4934 123 9809 7360 8665 4139 912 5061 7763 481 811 2336 1119 4794 1525 9826 7539 2936 6713 3788 1144 3430 4971 5629 322 6036 6978 3625 1066 8848 8105 6498 4412 9876 7882 7237 3548 5633 6919 9326 1954 9672 1100 4904 9058 2314 5740 2435 644 1460 2567 9308 1544 5253 5326 1755 923 1182 1844 8384 9575 5147 2700 2152 2519 4358 4031 9409 9941 7125 820 9223 586 8332 1421 3147 6375 4393 8176 5987 5660 5667 6801 8902 5121 7997 2873 5820 3536 1658 2972 6618 9883 8702 5697 4666 7160 1094 6593 6700 7693 1633 8066 4244 1310 5770 3001 3731 7234 5543 3170 5249 8939 310 1946 4773 3732 4717 9446 7294 157 9200 
6337 4623 5725 4224 6024 1752 1476 8645 8445 804 1477 1533 7858 1123 9928 4356 1551 21 4354 6290 7047 8304 3875 5058 5130 8286 5372 3684 3957 5909 1230 4535 5808 1325 2160 2154 4089 2411 2267 3133 2180 5328 8252 8938 4546 1623 5168 1700 7668 2904 2517 8436 6833 3315 6487 5603 1353 3887 231 8313 8457 1415 1837 9652 7669 4846 2797 8642 6550 9986 967 1988 7855 5410 5784 4734 5163 885 2856 9707 9755 9399 2721 6504 4060 1373 4365 800 9382 3251 3529 4867 4152 5231 7574 6218 4100 9204 8781 3232 7105 5921 6506 330 
4908 3764 8100 3523 8080 3601 9506 965 4669 8824 9756 3410 9192 2548 2520 9856 100 9143 1855 8229 2118 9379 8260 4030 6417 8715 5001 7941 6434 5709 1788 8907 3943 8671 4055 5434 5645 9760 6545 7897 850 8786 6425 4926 7094 8664 1101 4832 5620 7085 3543 8208 3620 6648 479 463 2448 4491 7269 9288 3730 4885 6029 8235 7490 1732 6152 9465 4884 7453 557 4217 4442 550 1649 6734 3760 8499 6552 4545 5935 6570 7336 166 529 5128 8149 5864 8536 7067 1411 8433 2739 8748 7230 4084 1284 1166 9316 143 9105 3369 3448 6364 6458 3807 9542 7767 4000 3686 391 3715 4486 1974 5623 9193 7132 2772 7841 1926 6502 5568 8341 2069 8060 6564 2983 4381 2374 5037 6579 
9797 3303 1396 3735 2946 1338 6195 4182 9093 1849 3289 9622 8760 8391 9904 5011 7173 2993 2952 90 2208 1866 4690 7204 8054 9698 9953 2266 7812 7641 7314 6553 3721 7262 9654 5340 5843 3914 6161 1778 76 9080 4209 8859 6140 9340 1379 9737 9966 4424 2553 4737 7011 2603 4024 7988 3086 8826 9358 3979 1695 8949 9865 6314 7992 5606 1423 814 1490 5883 81 1049 6475 8507 4194 8245 417 3478 7704 3974 9544 3857 5161 7821 3815 3370 3120 8262 5219 4836 5426 8437 735 5847 7933 824 315 6222 96 3219 9284 9137 7384 8631 3136 8642 8632 876 1056 9430 2048 126 5683 7029 2302 1028 681 5910 6865 9360 4005 2907 949 8762 3899 7591 1196 9554 8022 2579 480 9504 3930 9906 6162 2545 6785 9298 9243 6165 9850 2555 8713 1371 8547 3516 6486 
9411 1246 4889 3920 5878 7527 2346 4664 5157 7398 5110 9028 3464 1836 491 9338 2924 3704 2501 9727 9395 1897 822 212 2254 9119 9869 7355 1405 5189 3305 4921 4852 4643 4144 9129 7201 7004 6609 1714 7571 7861 8595 1287 3768 5444 7129 6175 6095 6368 7922 3377 5420 1265 7060 3922 8769 5155 5773 4953 7814 8831 6273 8475 3139 2007 1646 9596 6409 8755 7221 2399 4869 2311 2566 3856 4818 7362 2040 9259 9914 9900 6824 1034 2414 5941 128 7254 8311 3580 8898 3848 613 9986 5727 3574 1537 9387 269 5735 5476 6104 7965 7300 7839 6305 5222 3365 3923 8674 8254 849 1323 8891 8661 2008 7831 7936 5932 6915 4423 9482 2715 1030 7673 
5996 9548 5284 4261 2393 2452 738 1528 4076 3145 3205 3745 6861 3694 7826 5608 91 698 7686 9727 9841 150 5389 1234 4003 7604 6888 22 9287 1062 6347 7966 8081 8005 6031 6416 8496 3868 8146 5966 6093 6778 2380 218 5099 4513 4490 8935 2015 6442 6753 3132 8712 2945 7797 9500 2068 6505 183 3360 136 1328 9367 4919 8981 3005 620 8250 2900 6354 5844 4439 2618 4105 7247 4640 1208 9428 5271 3456 7284 161 6172 3290 8026 4614 4159 3046 1515 7299 4278 9064 3683 1039 4475 2138 2338 9216 2413 2531 3258 1848 2826 7629 9664 7791 8356 8061 5388 2431 
526 3869 7578 9281 695 6032 4519 3827 6776 6848 3097 3388 1374 5044 7687 9192 6311 7676 7561 233 7289 5894 4793 675 2815 64 9460 4079 6292 9224 299 8195 7539 6444 7697 2150 4081 5305 6610 4526 1653 7650 1666 107 5285 5764 5106 1125 9579 8077 254 5331 4735 3605 6707 8400 3245 1749 2961 6465 6389 1764 9388 2170 8835 8583 363 2198 2200 7617 6369 454 1708 4034 2367 4714 5482 7379 6197 5236 691 3393 7260 4646 1388 5929 7119 1690 5711 9810 7171 8676 9683 5962 2246 5688 6732 3639 3962 2651 4402 5077 3343 726 7285 3541 7737 1892 
2640 9513 8415 3244 9837 8757 9365 1410 7062 5923 4109 5379 9077 8688 8184 7405 6755 5207 1832 7833 502 6156 1033 8505 3420 9987 7047 8819 1406 5498 6326 5834 2463 9079 7753 9480 3864 4749 9294 8627 1890 9499 220 2340 8210 7010 320 8143 5404 9646 4510 5753 9422 3971 3654 6738 3327 7707 2054 3440 2041 1563 7086 488 9355 8785 4123 3604 4918 3627 1131 1010 8220 9762 9769 8948 4552 8387 6790 3662 1065 7907 5888 9394 8969 9658 6998 4576 975 9199 4929 371 9057 4920 6346 3103 127 789 5729 3264 4470 3643 8127 7968 7979 8218 6655 1561 3953 3412 3878 4550 6264 2657 4101 8569 7793 6693 7844 23 3050 3108 5247 4320 9945 752 3326 4607 1347 4023 9041 6573 4676 7618 4461 5754 9542 7321 1902 784 6891 2572 5685 552 2344 2210 9238 917 3161 828 3026 543 2001 6370 284 9948 5958 133 716 5527 3190 5020 9247 9746 8605 1205 8150 8513 5607 9114 7880 9643 2359 7464 8206 6877 4998 3034 1644 3838 7673 
9538 6654 6220 8548 1916 2123 3628 5916 9162 7417 3104 8362 2885 8889 8742 8419 8914 9424 4743 7315 7111 2304 439 4947 7890 5505 8639 2455 6045 6959 2139 5585 7127 1810 8885 5659 9989 4240 9189 4611 7722 1822 6441 8917 4749 9207 810 7136 5012 2891 4725 5702 7124 759 2316 8887 1846 9384 7025 2871 3088 7758 730 2960 8474 892 9420 5036 3442 7934 383 7207 8449 9555 6489 7237 42 7219 7996 767 5244 8601 3485 8038 7212 3250 6826 4271 9557 6213 8398 4310 2823 5744 5087 2500 3208 6731 6879 6999 8478 9881 9606 7514 9003 8306 8619 1260 3532 4785 6110 9595 8380 3847 6992 6170 3826 2341 4626 6894 7879 6921 4149 8119 6960 8089 5256 6704 9784 7224 2623 4488 5132 9529 2526 5737 3146 402 8584 8730 8378 192 5232 5089 9145 3459 2764 1492 4207 8530 3596 6725 3402 1121 7038 3895 8776 4961 3778 6793 8333 8942 955 1861 7708 1992 2985 2510 3364 4770 426 9561 3269 3259 9956 8737 1737 5280 
2389 3644 7489 9837 7296 2663 5940 4772 672 9495 6224 5872 3993 4703 6514 9697 9622 1671 7529 6003 5889 4498 2116 926 743 7185 6179 5772 1581 4581 3247 7755 4583 6412 3767 2277 783 5439 3560 6523 3587 3408 742 4186 2810 2973 5656 7928 4070 9844 9497 4233 4619 7567 4314 8463 6883 8538 7276 7383 6308 7937 3840 3488 8971 8432 7159 5759 171 1596 3738 487 3123 4954 4815 6448 1283 9913 2083 4227 9082 6974 1221 2847 2580 9303 3076 8457 7128 7630 1839 7663 8622 8321 7871 3525 628 9186 7249 9531 7828 520 7430 6269 1156 6929 4809 5478 26 1073 558 691 1845 9704 8675 4362 1661 1075 6026 2769 8661 5489 9139 880 2595 9742 79 9580 6804 2984 
6228 9087 5627 4892 8343 2719 6563 373 8663 2398 6089 7778 5823 8162 940 4990 8056 5652 3296 1088 1599 368 433 7811 2814 9299 6946 9051 4883 5051 3570 7052 3164 4707 8618 9462 7715 5016 2493 4492 1145 3945 8291 8164 1624 7742 1597 4263 4306 2650 8947 101 3363 5214 1002 4073 7563 6653 
7578 9604 4977 2876 8944 709 650 5542 7957 1816 6701 3797 5408 2239 1169 5495 2918 7233 3813 5148 1213 9879 245 3567 1819 3924 6399 2871 8196 5293 660 3262 7054 5456 9725 2617 834 9359 2673 1069 4372 7757 3181 544 5451 5809 7662 8370 8281 1090 3348 6611 1053 7357 4911 8109 757 6868 4548 2297 580 3830 9449 7278 2811 4367 8106 6493 4150 27 2258 9209 5664 4861 6436 2628 9250 63 4425 4341 
6490 1887 4923 3222 2132 1963 8877 3322 8326 4604 755 496 4416 8796 2406 3178 8213 8156 2899 2153 2243 6800 7452 3014 7472 8843 3142 3019 1465 106 8848 7422 8073 3762 5513 6264 1616 5810 3802 6635 5667 2115 2428 7558 6527 8227 4048 9133 5841 5828 7716 2051 1979 4939 1723 2444 9123 6873 5666 2168 5515 9076 477 3087 8083 2133 7710 5183 
7905 3959 614 400 9025 9835 9149 6571 2157 9255 1007 362 5838 646 2207 131 7665 3039 5206 6336 2166 1810 2356 8144 6417 6750 3261 5611 3841 9094 7638 7197 8117 280 8697 825 8999 3379 3970 6555 1480 3708 4387 8567 8101 5986 4018 9778 3418 8283 3113 5654 5308 5244 5254 1268 4134 925 2098 2352 1785 7719 680 7891 4368 5198 8559 1993 5983 6893 7873 7646 8849 4822 8845 6379 7308 7946 4687 8979 6665 1959 5944 8687 1253 4916 9907 4221 9342 4129 28 591 1412 7698 5736 6327 4625 9166 6947 9882 889 5393 4471 5193 2867 1570 9492 9099 4320 7034 6310 6383 4215 4062 8961 5373 8806 46 8280 6256 3064 3581 1504 5452 9699 4515 5543 737 6534 344 3824 5450 6744 7785 8410 3172 607 5684 195 1662 5791 629 1745 
6531 9179 535 6123 3624 1727 8851 6823 2371 9823 6678 6247 8525 9517 2317 9859 4284 2695 5488 3386 7633 3338 4141 8581 9562 7250 8778 2645 7191 1428 5975 6043 6244 6268 3312 3699 73 9970 7487 2726 2167 7732 258 8162 4791 1944 290 3491 2894 5995 6128 5963 3925 5892 5745 4297 9876 7874 7017 9459 5949 7307 1791 6103 9916 5276 4361 1126 8726 5681 3820 4184 2646 751 1789 7138 4726 9587 8458 8801 4392 2914 4064 4945 6729 2527 5766 162 7646 5509 1735 1456 5718 8624 7032 2963 2832 4732 1539 7459 7842 9777 9078 9363 6872 9328 5243 9157 4680 2840 2977 2588 5038 7066 6158 5655 6711 6627 3044 239 6717 9871 9882 2786 213 1961 485 4395 2288 5384 8342 1696 2133 5060 2148 7341 2699 5431 9488 2942 4940 8444 8539 639 1698 7695 5279 381 4837 9222 9302 3469 4708 8438 1257 7699 5361 6411 1360 1741 5423 6083 859 8926 7570 6724 8193 9582 2792 3933 3886 513 796 7043 2636 4117 4035 3641 
6685 764 4554 80 2720 6046 4881 2240 4292 7416 4558 5162 3553 7765 2113 7924 4328 7081 3073 1609 1272 6895 1464 3160 1703 5552 7098 6847 6969 1290 5078 6634 4043 1439 2146 2824 6955 8145 7126 8549 448 7104 8223 3671 2293 8921 6509 3783 8990 8288 3434 8459 2427 6811 3806 5724 6822 9226 5286 7343 1529 3773 8920 6077 6871 9942 3036 8953 8001 4706 187 797 4601 4161 3070 1465 2178 8874 7151 1381 6945 9903 30 6829 645 6561 1400 1134 9099 9296 7945 9893 3607 582 7710 3354 8672 2562 7498 6484 4595 5936 9947 5587 1487 6768 3397 8868 228 9634 5637 4489 318 9397 3599 5982 9062 7902 3038 4002 4991 3235 7508 5024 
8042 3519 9722 8413 3850 5780 7857 52 4051 2672 3353 8440 4585 8862 2712 31 2758 8014 7337 8045 9527 8067 1009 1562 1450 853 7546 2491 4844 1990 188 9493 2850 7166 5400 6614 7554 759 2902 4906 5262 3404 174 776 7720 3453 1342 2560 8596 2121 8660 775 3114 7648 7560 6203 5493 1996 7582 5287 6361 3555 4596 8363 844 2385 862 5406 621 6800 7223 5226 5898 5261 424 3333 5979 4547 2214 7100 1154 3992 9271 3411 5506 9274 38 2495 7935 5795 1746 8430 6910 1668 5990 1483 8842 8560 1632 1974 8836 4060 9481 1964 8216 9266 3078 4315 945 6882 3068 4388 6278 9298 7282 8705 8469 483 3898 
9696 7158 9661 7429 32 1341 9321 6596 5314 3747 1519 2935 3041 9424 3904 9282 1921 8257 2416 4460 8756 6357 116 323 1394 7015 8064 3158 8336 3695 425 3135 2155 5974 4140 9764 9239 5302 8354 6190 7340 3561 4242 5545 9140 2980 7439 1959 7600 2950 1503 1729 9903 9523 6979 7625 5402 2423 9899 114 5762 8385 4304 3674 8168 3591 1408 6706 8057 7534 1513 5678 4973 474 4190 5394 585 5580 3359 3748 7074 651 6744 1387 1713 
8533 7530 2825 3530 7399 8388 1931 5187 470 3267 3713 8612 1308 2927 6169 9933 2436 504 8927 2639 2686 548 8981 3783 5674 401 33 7745 4422 6000 622 4856 9798 505 2307 1280 5854 1574 7665 7555 7026 6507 4994 4799 5351 3987 6419 431 2698 7478 6050 6266 6249 6745 8871 248 7788 3679 6773 693 5491 8870 4606 4042 4611 6400 6722 5480 
2680 6169 8371 3668 6980 9368 7380 6287 1983 5204 9285 6410 2421 7615 3143 708 1586 9322 8160 6622 7091 5304 2522 2779 4844 8131 7376 4941 528 9070 9351 8243 624 4556 9855 9026 3458 5582 2045 8779 1985 6536 1105 8008 5822 5291 7678 5731 5591 184 7877 2668 3712 9923 1651 4563 8004 2713 9091 9405 4826 4052 1312 8512 1576 5668 2551 8293 2917 5010 851 5786 5235 2308 3268 6447 97 3239 4724 8985 1003 6792 2881 3918 6331 1860 3400 7980 3711 4317 9310 
9494 198 2422 163 3951 2842 7181 85 5691 4587 5237 7807 1266 7904 241 2577 498 4276 4873 5058 7248 2513 350 5175 2111 1615 5441 9351 3242 3033 3865 9211 5904 4378 4371 8943 9295 59 8636 9512 9675 3376 6464 8355 7768 111 7620 2281 2328 9880 8693 7083 4326 4370 3417 4360 2939 6758 9092 9677 982 6297 6112 2370 6446 9714 3790 9724 5981 4289 7211 6385 9863 4469 835 1071 5048 8995 6528 3195 9905 6120 9546 3374 3152 5299 2732 9124 2837 6906 1610 2181 1250 1940 2604 
1900 9332 934 8339 5182 2145 762 6823 8992 1390 2934 4540 8837 9175 3844 4308 937 6559 5900 8186 6835 6049 2990 5288 6645 244 3338 3141 6988 279 249 3966 2426 5880 2587 5437 2570 9761 689 9633 2849 7950 8315 1438 2778 5189 9030 6244 311 1316 9130 3788 8159 3017 8275 7354 7991 3739 7209 9678 9854 3975 8194 9844 5928 4503 6625 3390 8943 2557 9269 5017 4050 7949 9832 2768 6976 5873 6637 8166 7947 5321 5918 766 2022 5490 5610 1582 9780 9712 9570 3983 4438 820 1174 2546 2707 3080 4616 8863 4897 6042 9318 8684 8039 1277 7448 3492 4146 7594 2370 9657 3111 1640 9888 873 9042 7912 6182 8681 2327 7257 8568 4705 1779 4411 3569 4812 4902 6964 7802 3954 9669 253 6041 8813 8844 543 915 2420 8406 4508 34 5672 4710 8607 9921 5124 3283 6630 5580 9902 2321 5230 3748 3166 7433 1474 1434 1128 7766 9997 1604 7059 1020 9167 1409 3332 7805 9310 
7153 2303 2807 2097 5867 9121 6963 9726 6235 7213 4366 9632 7685 9013 772 958 6485 6681 8923 3093 6432 5464 6262 4863 9349 9801 6240 8480 2958 4786 8393 4806 2731 6133 9476 1628 2656 4528 7892 4564 2484 2819 6055 8852 4038 6007 4493 9635 2512 1924 4974 9008 7130 9807 559 1389 9912 1008 3234 3928 7082 6371 8573 3159 9982 1721 7377 8423 6941 8189 9790 8203 4175 988 9260 35 4691 4257 9930 472 297 5032 2432 8978 7709 6018 7003 6863 4959 474 9263 3484 8022 9021 8682 5586 5449 5670 5848 1334 4827 
5557 5766 1275 8004 3373 48 4312 2749 5909 5581 1204 4788 2747 3718 5447 1336 1510 6844 1756 8966 8454 9242 8174 819 8512 8448 6601 7724 663 5720 6390 561 1478 189 797 6478 36 7169 8125 7396 5128 8248 4951 7874 2163 9237 1222 6156 6597 5914 6970 6499 1726 4928 9279 3314 2921 7666 7670 7647 1293 5088 9229 168 1472 1377 1505 3493 63 441 8679 4637 
9256 3833 4206 8080 5341 684 1226 901 8914 669 9617 3900 9135 3353 1907 6132 8954 1909 7497 840 1894 2931 372 6443 9001 7072 3112 3634 307 4093 1500 5109 1885 790 5978 7876 4451 5751 5300 2433 9763 4963 5787 8506 7371 2514 3126 6805 4340 9960 6522 3793 2458 4716 7930 4234 6599 5486 4744 8379 1998 4811 3270 9012 3422 5985 5219 1955 1905 8593 3298 6572 5356 2637 2306 8075 4665 8352 6558 7483 740 1932 9779 5201 4323 9950 411 6283 2175 4446 2626 3726 4902 9765 6325 2224 5018 554 8741 7022 1447 3596 8009 533 8193 7830 7711 5669 3028 6866 7246 6084 2141 5467 6071 75 5374 8576 7856 
5544 1893 1548 7366 9097 5186 3653 5971 2884 3499 1013 5403 9735 7658 8121 1372 7970 2000 4504 6030 486 1549 6619 4321 6258 9932 4937 7867 7229 1938 6702 7268 666 1962 4617 7143 6522 7657 4274 5690 5309 4784 9369 7394 2476 8219 8468 1018 6118 7381 1943 2697 1284 3503 6973 7161 5523 8626 7241 295 6837 
4136 9738 2329 8360 3121 3628 3415 867 9847 7627 7218 8515 1523 6391 5378 3866 1634 2999 7679 4549 9592 4156 6145 2834 9138 8773 4995 2262 3101 5567 2270 2058 3849 9340 7535 5866 3861 2855 9694 1835 566 7557 1560 6817 7302 8738 7551 2354 451 3780 676 9817 2046 3929 444 7850 4258 3879 8261 1463 3218 2280 3991 1198 5925 5955 781 3681 7507 7840 6206 9651 9475 2638 1000 5028 7886 8282 2716 8956 6890 8860 8902 5802 970 9516 409 9814 3006 4938 596 9813 9608 7513 4435 8305 2049 5332 6479 8018 2490 364 6121 8059 8324 3782 110 5232 9717 4291 2440 3647 6706 782 8884 4484 1256 9748 9397 5105 7101 1865 2192 9926 5107 3765 7056 5622 5385 5324 1375 385 780 
3884 7761 1800 4342 495 9498 9604 8107 6220 8233 7301 9976 8413 8002 9594 3041 3337 9421 2848 5413 1361 9347 3547 6462 8416 8918 5865 6306 2242 5030 121 8334 823 3742 9989 723 388 8393 4451 5846 4729 86 4421 9611 3350 4900 4590 7462 3407 2478 9197 1935 7547 8764 9894 9685 51 6672 8133 833 9793 7036 3938 1975 5137 8034 4530 225 1862 700 4358 8479 5019 2107 8486 5338 6957 9434 1503 5217 2348 4305 8019 4197 5425 4433 4955 9929 6951 7179 4478 9188 3770 9027 3874 325 6366 1418 4200 9645 5399 6051 5048 9510 1625 1165 6482 9432 4222 7005 5657 9567 2766 7591 7872 1294 47 3834 1121 5158 9084 2929 5827 714 4658 55 6583 7309 3240 8411 494 2836 2976 8933 8399 3766 3931 351 7202 8869 9875 9525 4013 
7760 6208 6782 39 9937 8421 6114 9305 4574 6651 4920 1058 9085 4201 8915 6547 5503 117 9329 1344 1307 8735 7804 962 7736 3077 2062 2559 4142 8307 2741 3818 4378 7204 6535 2382 164 4820 7593 4721 3479 9788 7374 7791 3150 9676 1324 4723 3772 6248 7694 4683 3867 1224 3471 4873 6225 1521 1425 7187 326 530 7516 4787 
5924 5392 9100 3753 2625 5891 750 4738 1077 5453 6642 5150 3047 6397 8817 41 4243 3948 670 193 7092 2956 1639 1112 5221 6885 710 5471 6930 8161 8494 2480 7931 8058 4432 5966 6932 9734 3514 4029 6820 5145 1459 7033 918 3056 8468 4654 9229 9122 8115 296 6843 8221 89 9990 5493 9315 2630 2372 3614 2164 5191 6238 2179 7544 3835 5951 6037 576 2017 7070 5849 6182 5081 534 5494 7232 1884 2312 7562 5695 3185 1370 9978 8635 1872 5255 1929 589 2252 428 8346 5346 1803 3003 3240 465 611 5098 7170 7282 6508 8508 6506 
5164 4153 518 1558 5728 1891 5991 3257 3092 5554 3903 9185 1103 7834 5768 9244 4113 9741 5927 306 4831 5889 5842 5118 2661 4695 1239 9565 3278 8055 1918 3016 7917 7559 4253 8072 9687 5998 4618 7960 4007 3863 5846 1351 720 6850 9389 760 2892 6155 2222 227 3137 2190 8945 8414 1706 8736 4877 1106 9685 6002 9262 7987 9974 8129 6497 2890 4064 944 8600 4068 9532 1340 8754 4651 8437 8218 9880 6830 4633 3455 8020 6568 8545 8465 1796 6333 8657 8008 6557 6770 5864 9319 943 1446 8461 6449 4380 9083 9376 3297 8977 3023 8476 9427 2351 8749 9597 3517 1147 4609 3127 3803 9688 5032 1110 4570 8170 3646 1085 199 8209 8300 5462 4826 7164 8338 4996 1270 2917 9838 3586 9752 5173 4327 8762 8097 4199 3636 4407 6936 7725 5023 1095 8012 4004 8150 8916 7214 5186 4882 8850 1509 8016 856 7503 1153 1051 
9936 4822 5147 2968 6920 9490 7700 6126 5166 1233 2300 9659 5035 6788 1331 4428 8864 4364 2112 8556 8649 2092 95 8052 9551 3043 7266 1631 9120 8257 2593 1951 4608 9690 8940 3223 4074 319 739 6675 4405 4382 7729 2694 44 2412 3035 601 9336 2020 7187 7671 7838 8589 
8111 9923 8654 9038 7537 8029 6694 3443 9442 7784 70 9113 8395 2866 5500 5354 6786 1693 7198 5511 7639 6917 6850 8271 148 422 1852 7339 9386 6066 734 2429 1455 6440 4506 2355 112 4138 4191 45 8441 6897 7283 7993 6171 5377 365 1874 7265 7553 718 2476 514 590 223 8470 5288 1617 1804 1507 5368 4172 4642 3579 8188 4728 9508 124 5592 8766 9096 2578 5680 5535 
9702 2535 6560 270 701 9723 5381 1727 5577 6809 2504 8366 2998 1271 1295 3917 1339 595 6903 5278 6969 6727 9613 7633 4441 2099 5436 1363 8932 7592 1486 442 8604 1060 7780 2974 9300 3293 4949 6620 5775 418 6438 3291 6787 4915 3977 2002 2905 1787 9544 6884 170 9963 4944 9044 2912 9660 3789 416 9777 4776 9374 4768 3325 9705 7962 238 6803 8894 6291 5812 9178 1212 8905 1269 6431 3513 5412 71 7368 1276 9719 202 1321 9445 5205 7878 9887 597 3237 1458 8839 1930 9032 4594 3058 5067 7122 9755 9522 7499 2470 9396 6189 4078 6470 3163 1608 7040 6233 7413 5452 6699 5066 5730 894 7577 919 9276 5228 8410 1910 2313 1604 3540 2528 883 7196 
1481 5531 5407 3463 9467 8003 4444 8927 8991 5792 7857 5111 3002 2275 8503 3598 6168 389 1176 405 2347 7238 8564 1291 8531 57 1249 6468 3610 4742 2812 7057 7335 3481 8683 9639 9483 604 9642 7915 4474 2244 283 5239 511 9369 979 7762 7971 2358 2969 8244 50 878 5520 8668 5184 5600 8561 1139 6454 4125 4211 5319 549 3566 8526 4575 4910 3836 6394 1722 1017 4322 1152 6604 3906 5342 7211 9889 2685 779 8070 5697 5213 8854 8646 8408 4398 8695 8691 8455 5174 3839 6236 8251 6166 6173 5225 3590 5840 7415 2530 5756 2635 8253 9885 5785 
191 7231 4085 7331 5965 340 1554 8854 8930 132 4917 9646 9043 5307 951 4400 8120 9873 3356 8913 2499 9665 930 2644 626 8181 7466 8807 1092 2464 2774 3733 606 2606 4121 301 7526 8076 4879 7776 6796 5591 3308 210 9160 2330 4701 8298 8543 8666 8409 4795 5098 8199 9700 1491 6184 1440 3260 6105 6797 3182 6284 5063 1149 
7042 8456 2100 1605 8084 6537 4509 2889 6142 9937 1441 3221 699 5692 3284 7310 5895 4778 4578 8246 6834 9884 7461 5458 7119 8913 2011 5052 4629 8565 333 8994 4647 149 4839 3774 5424 4843 4671 8381 4158 4819 3619 8823 4256 3310 4443 4865 3520 8487 6983 9563 2986 6965 7602 4015 959 7402 4978 6396 3661 3460 1179 209 5481 7154 5710 4986 9889 
6532 9168 7481 5776 8382 7271 8582 4741 2030 5595 2538 973 5212 4497 9370 8205 665 9870 902 692 7028 8294 8147 3248 2194 4045 1793 1846 1041 321 3500 490 6456 1129 8044 84 5429 9440 4518 438 3177 8361 3934 5571 3153 3011 1701 612 2585 1502 5973 6365 1711 8721 9451 2279 8802 9010 4931 415 8020 482 1236 7749 2106 7455 5774 3197 3167 8450 769 593 1776 4700 4264 6924 1309 3707 2449 3340 1035 6649 642 7786 9704 5092 637 5430 575 8728 1364 462 3277 53 3304 7467 2545 4495 564 7677 9598 
8946 2368 6143 2541 2607 5345 5178 964 6044 5056 5418 7736 7581 8079 2648 348 1414 5267 1164 9232 1858 7954 135 9215 3215 723 2405 8094 2211 5913 7411 3438 4694 7180 8546 3670 321 1673 608 7210 1393 9211 8171 2244 6938 6099 6101 2401 656 6134 5194 4538 908 1572 8427 6747 8893 501 2284 309 5398 4066 4270 898 8062 2609 7460 7402 999 6656 5397 4291 7039 3633 8989 5387 1799 4508 6819 7470 1289 8447 1184 2059 9444 4660 
4663 7583 5631 7440 8471 1670 7895 5618 7387 2505 93 2016 5501 8820 3860 7135 9729 8167 7545 6705 610 1995 9436 8784 2806 3238 437 3024 5316 6545 603 2272 9818 6933 343 4179 7445 6048 8088 8740 1099 7388 3475 9354 2947 8723 3701 72 5312 8620 6719 1545 6912 3372 6982 120 871 1947 8137 9434 3213 6684 7811 3600 7596 4311 7404 4230 6845 8024 1736 1348 546 9754 2219 2302 3090 1571 5518 2091 1588 6017 5605 9306 2844 5474 4229 8733 2878 3750 5519 156 8634 461 78 3997 4199 5234 5343 9896 5914 8179 1359 4376 9090 7071 7064 7623 9834 7747 9851 
1899 3705 7958 7489 5954 9048 7134 3718 3989 7144 8955 4180 4738 9234 7509 8466 2835 182 6903 3549 6451 475 9356 1021 6577 2268 1333 56 6638 6869 9626 4391 2232 7286 3085 2143 1550 4504 4083 9629 2189 994 3406 4850 4041 1717 1657 9825 9963 508 7055 3012 9280 61 8667 573 5426 3572 1557 5209 4453 2574 2783 913 2221 6354 1768 8997 5059 2494 5190 6801 3349 349 6027 7817 1043 8788 6926 4303 1104 6275 6298 9050 6913 5512 8285 7465 4210 5694 6934 392 5748 6418 2554 
1820 948 8522 4840 3323 9990 62 6285 7621 1819 9176 6858 5911 1851 1760 7881 4128 4036 1159 1555 6015 2081 3009 7488 626 58 4859 6669 8570 7293 4600 5542 9551 4907 4556 7570 815 77 7385 565 7608 9152 9613 9789 2095 5357 754 6403 8957 7541 2454 2852 2670 6326 6503 4678 6471 1047 9573 
9293 2678 226 2361 4316 250 4189 8534 4652 2547 2442 4027 1915 6459 7691 1933 8275 2516 2299 2660 7392 829 8099 2777 7450 4638 8359 9124 2787 8051 8358 7976 7631 863 4909 341 6588 8337 7254 4363 5301 8279 4300 1151 4135 3650 869 4634 6981 2893 3276 9408 5588 6679 3819 8365 5490 
3311 7995 6857 9864 4452 7099 1089 8719 2074 68 3129 9098 2875 9125 5907 2664 682 6781 3521 3946 5741 4971 1116 4639 818 4059 1367 6047 2556 6267 1840 5715 4410 9766 7549 7552 5234 2543 4958 4980 931 9470 2943 2271 9148 6116 3392 7567 711 8640 2439 2241 6068 1187 6521 8592 1329 7245 2151 7781 1485 312 7496 5085 6230 342 2957 2748 119 4049 
6435 332 6176 9168 8594 3758 5362 685 1577 6150 219 3280 5114 2322 732 7932 5349 6515 4834 5833 5139 1344 9212 7057 2457 1642 8989 7165 3497 3231 4148 2688 2911 3381 7566 6087 1911 8758 5717 6526 5039 3584 2308 6113 9753 6849 8918 6408 9323 7916 74 6212 2492 8206 9771 5778 8798 452 1215 5999 9407 9364 
8706 6812 6582 6159 222 9917 2468 9857 6667 9895 9285 1427 2416 6697 5562 5516 5565 2824 1807 3676 6202 8390 8732 1449 3542 1484 7614 9154 1297 6193 8443 82 9618 2923 1821 8389 8489 1004 4361 7116 4566 2540 9407 6437 7353 6816 826 3389 623 2481 922 9843 5390 7183 1306 2250 8010 6367 6332 911 6333 104 9275 1599 4355 3851 3829 1953 6463 4455 8616 1223 6659 739 6316 2711 3384 9543 9346 6650 9732 9214 3483 2932 5468 7322 300 3479 654 7020 5624 1979 6987 3307 7316 8508 8853 275 5317 
5533 7967 4403 2909 1160 2720 5818 9464 749 1001 6124 2586 3194 8028 2309 1740 6821 7301 4059 8134 3622 4862 2339 3583 4831 2125 4888 9710 7482 5796 5125 8722 1067 1912 6995 3645 7818 5380 2996 7896 5167 7675 1062 587 8312 6177 6783 5989 8429 7193 540 5376 4745 8780 3737 6548 82 4252 1867 9981 3144 1811 175 2180 4448 683 8805 7680 7328 5616 6820 6928 5619 3263 5014 8647 6010 5551 9824 2994 2833 1882 7517 9313 4118 8349 7512 2838 7401 9614 1593 2072 2602 8544 6227 9101 201 1596 3667 8572 8746 1704 6009 1843 5870 5310 287 5640 4385 8287 2176 9782 6856 9284 2895 6839 7333 4933 4584 7137 9776 3299 5365 9509 581 5525 3254 7656 2784 8550 1127 7682 6972 7063 6422 2227 5976 8976 9743 3252 2425 8148 7332 5248 4964 1193 3901 9935 9634 9220 3845 9783 6673 9361 5158 4965 4710 4102 4662 2906 9073 9621 4801 1968 7885 2070 4269 4894 5419 352 5813 4208 
1158 2443 4529 6303 9252 8212 9691 3162 7124 6600 4927 3198 6923 579 87 672 9327 419 1352 6154 2734 6457 7899 6758 3272 9695 4399 9144 571 3562 9383 6072 2822 631 3932 3021 2149 4613 2063 657 1538 2230 6452 4718 7378 5102 7113 1914 9308 2217 7065 7110 9352 7775 2488 
8431 7341 1061 9758 6815 6362 839 4775 88 8490 5579 5233 3944 7236 9302 3098 4346 7832 7973 314 7190 7432 7218 5227 8371 1136 3399 4950 7408 4058 4913 2450 8158 3576 2006 2941 7837 1848 4187 3053 2197 9566 8585 5917 5777 6157 9438 9236 5877 5414 3592 9505 6074 4967 303 4670 7262 8603 5788 2447 251 3531 1956 9008 9072 1702 7077 3084 2944 
4696 2196 2780 3202 1630 7013 7112 8645 7963 1186 6853 9345 3341 8960 6215 5069 4864 1489 268 7637 3786 5632 3236 4044 7114 7025 2108 7251 7515 4753 9392 7815 273 7200 1493 7475 1429 4896 2053 4811 1613 7888 6254 5993 2627 3652 5858 5832 8157 4290 7718 6507 3053 1607 2920 3255 4524 1603 5615 6517 6922 7425 848 2159 4459 7458 6541 2064 9820 6630 8919 6909 2590 527 5840 8637 2836 3065 449 2597 9072 6712 4145 
369 9610 7323 8790 580 4872 5749 9716 7705 9037 9253 7194 4090 4345 8799 9309 8936 9739 461 7953 599 7142 5336 5443 4925 7087 1357 7981 8519 3603 1055 6339 9456 3581 5242 1683 7001 3825 92 5251 8860 1345 8689 3727 1437 1074 1199 1439 323 5699 3309 7364 8606 9307 6792 987 7138 5641 7773 1177 3819 6519 7516 6977 9012 4473 
5943 6335 2913 7619 6421 4522 1939 357 7519 3320 2830 2218 1667 5589 9485 1817 6663 1958 2887 7098 221 4032 3808 5522 8095 9053 181 6185 6144 7823 5094 2120 4689 7714 5948 1629 3193 4956 8511 2896 398 1518 7990 4095 8249 6055 5782 5862 4218 9006 331 2740 5879 6799 1454 3999 2201 6736 7131 7502 8318 9233 3130 1108 6465 1806 5868 3524 1468 7696 4447 1594 9060 7494 1868 1797 9526 6566 4876 4022 8898 686 2668 8558 748 8704 9427 8495 9249 2910 6961 2206 4755 5597 6676 8803 7007 4127 9387 2790 3573 8488 5767 9002 8068 1264 1989 5282 1622 298 3781 8630 5375 4216 2079 9061 94 1072 2251 6021 4379 906 2667 6708 6106 9152 4349 9139 5539 8822 2331 3949 8199 2061 165 9598 8502 6993 458 4627 
4185 9886 4019 7427 7706 3606 9059 4774 1220 1927 243 9768 4389 9852 9600 2696 7099 8520 5117 9603 7731 1285 4424 5806 8941 9839 4397 5112 5422 6692 374 2841 868 3535 8302 5687 852 2483 2060 7121 5265 6346 4372 4615 1937 2437 1353 1302 2085 4931 7955 5055 9418 3578 160 4430 9275 4893 6911 7898 8062 9677 7985 464 2933 263 3196 7914 6628 6406 7855 7446 6878 4483 1170 4571 9863 3726 3189 1064 2575 933 2746 9261 1235 5636 5348 4805 1631 4597 4100 5967 1130 6661 3897 1371 942 
8996 4853 127 4153 5952 7370 7437 5557 5649 6427 2145 1625 1084 4019 6716 7424 758 2874 8546 9668 7819 7851 4537 6274 7726 4476 7192 8182 6393 6461 5905 6962 1829 1407 9289 8709 2674 846 2229 2521 812 9118 4143 4017 5706 5992 6672 3187 1681 8274 3100 7059 313 5245 9349 434 
7935 6989 1635 4593 4409 954 6733 1566 6737 6216 1999 8675 9640 8878 9647 1274 6380 5977 5021 7474 5652 4848 4331 5011 6756 5755 6007 1703 7334 4523 3405 4404 6760 7869 1761 6188 2094 6460 2916 888 3203 8082 6259 704 7983 1037 6569 4642 2584 6925 261 1517 1880 2561 8335 4126 2323 3192 2864 728 7883 6013 8617 
7443 8183 4392 5524 8292 1391 7290 6091 2992 4450 1833 983 4251 6280 4467 8277 532 6752 1677 8855 1203 673 7400 7146 3963 6413 4679 6991 7961 3799 370 7259 4166 2922 5129 7390 8073 517 9227 7867 3852 9348 1659 4512 4948 7854 2027 5489 7956 5070 4082 9846 1292 3045 7595 1906 7887 9588 8523 4656 795 9757 7423 5523 3840 3859 8428 2662 5103 6245 2010 8588 
2482 5108 8614 1330 7765 7345 5054 1431 278 8416 895 4115 8263 9015 9977 5594 6141 5130 5167 3287 3169 2238 4887 3486 7732 328 5830 5096 7835 5197 9932 2467 6602 3134 8491 9202 6652 1694 4557 3031 4573 966 1188 7605 5336 8423 802 9607 1598 7075 2203 6864 3110 4874 5127 291 8036 1830 4622 8397 1107 1016 9194 7543 6898 3174 5722 794 8528 7862 1991 2273 7256 1426 9656 1758 8191 1133 8417 7880 5364 9515 9473 3232 5433 904 1040 
9169 1814 8598 5472 1259 7295 9602 180 602 1619 9151 1809 7140 3669 1219 7909 8530 640 8500 9220 4561 7315 8278 435 9319 7713 6430 1986 7073 1648 2858 8477 6129 8897 6682 3675 9188 3508 4087 4562 4390 8959 2248 2280 3335 1138 5817 7090 7733 
9063 6023 6721 7277 4119 5792 8562 5714 2036 9552 8937 3919 4727 946 2378 3173 7346 4063 7789 5088 4875 9314 1046 6539 7575 8610 3894 8648 9868 6372 5227 3757 5793 5180 1382 8597 9439 6619 6054 9163 609 9074 8808 4462 6535 7636 6954 229 8303 3229 8115 6081 1534 1663 1340 5850 5428 3155 9253 9111 4932 4464 4130 7076 5919 9831 9290 3551 8708 7451 3427 9853 9749 2616 232 5771 1349 336 9877 9520 6200 6754 7839 1273 4480 4008 2169 2419 6904 2613 8963 6281 8942 3347 8368 9000 2014 8677 7794 8867 6307 1825 7325 
5856 541 8471 9098 3522 4748 715 217 8310 9297 7511 9190 9861 5797 2498 6666 4353 1185 2577 3808 6253 5953 176 9419 1794 1982 6950 2225 3786 4167 519 4781 3285 4163 847 9391 7027 2108 9667 2506 5260 3623 7913 200 7253 3518 8791 5949 9601 5218 9660 1886 2880 4767 6127 9265 4427 1947 2289 3566 989 2184 8203 4989 7014 9110 5828 2451 1723 6184 6130 9401 1945 5540 6001 5559 3253 9999 3777 4235 4369 2496 2589 
8587 4477 6647 8259 339 9605 1025 9272 6715 5947 1192 4459 5503 4898 4273 1142 4541 4745 169 9014 3489 1337 3642 6174 5961 9904 8628 5082 8323 3007 179 230 2860 6771 5897 2263 5039 1928 7185 8505 4549 6439 7550 809 2474 5115 3785 7504 8102 9740 6396 7217 7601 5574 3565 1082 450 
8372 4698 4577 6783 1191 5013 568 1244 6211 1157 2677 5162 6089 3409 6472 6567 4239 285 5805 2260 638 8575 6353 8852 8451 525 9421 8308 7918 4612 4961 1314 8481 334 4952 4262 7008 1538 7468 8662 2358 7225 3853 9638 1942 4094 3557 5042 9472 
5470 7609 2757 6272 7244 4188 9177 5195 8132 6232 4685 5831 1432 2285 7469 4650 5712 8711 1672 647 4636 302 4204 7771 9161 2845 9572 3556 8247 1195 2090 8886 2666 7728 4764 9067 7275 5461 9046 7288 3172 6107 7523 9191 185 3964 3306 8784 7738 4849 
3630 8292 255 677 8964 3060 3330 8551 6657 5537 6852 9539 8950 4796 3450 5504 7351 3227 9869 5061 2710 8494 1614 8965 3982 8473 1520 4762 7899 1146 4237 6093 7644 6621 2410 9911 8685 3179 6599 4350 1724 9141 5289 2620 5937 2453 3124 7495 1655 9705 891 5002 1304 5386 3544 8201 3717 8128 5651 399 1680 1448 9949 7363 4825 4807 7978 7184 6543 2185 7790 4347 8284 567 4553 637 4868 2052 9985 1442 6827 706 5438 831 3534 1137 4771 1250 2919 8504 3831 6080 8931 8577 7568 7406 
7761 2818 4672 5049 7610 8021 2256 5181 9709 9957 5807 3018 5360 3724 7501 9155 1565 9181 8093 7939 9463 8267 6680 9711 808 6289 1530 9015 7787 3914 7133 9336 914 2552 3000 5151 9104 980 9728 9839 9866 8446 6887 2156 4212 6615 5883 5014 7959 3543 793 6167 9438 503 2879 9049 3545 7556 1875 5321 9658 8063 8190 1686 1621 1895 8124 4981 2776 8876 1210 4128 3069 7961 8751 4968 6086 9132 6603 9961 6199 1469 8401 5417 4226 7272 3725 4983 6474 5193 3848 3891 2704 1828 8827 1871 5530 5033 3265 8035 4202 7109 4333 9127 8364 4176 8739 2408 5466 3882 380 8284 5673 9593 7748 798 6276 9268 2614 5959 9550 7824 1232 4339 6802 9507 9867 252 5799 1076 346 2862 870 2676 5053 3168 8909 
4988 7045 2537 6023 9131 3199 837 4668 6270 6780 7521 7236 2086 4456 2915 3061 4244 9703 6012 1743 2220 8731 5988 1514 5318 2485 6004 4020 5677 4617 9549 7115 1115 2137 5676 2117 6377 2438 4096 6101 1784 8591 5215 8798 2032 7846 2744 1878 3862 4979 1922 2342 7589 3593 
