0, 1, 5, 6, 10, 13, 14, 15, 16, 17, 18, 19, 20, 21, 22, 23, 24, 25, 28, 29, 30, 31, 32, 33, 35, 36, 38, 39, 41, 42, 44, 45, 46, 47, 48, 49, 50, 51, 52, 53, 58, 62, 63, 64, 65, 66, 67, 68, 69, 70, 71, 72, 73, 74, 75, 76, 77, 78, 79, 80, 81, 82, 83, 84, 85, 86, 87, 88, 89, 90, 91, 92, 93, 95, 96, 98, 99, 100, 101, 105, 106, 107, 108, 109, 110, 111, 112, 113, 114, 115, 116, 117, 118, 119, 120, 121, 122, 123, 124, 125, 127, 128, 129, 130, 131, 132, 133, 134, 135, 136, 137, 142, 143, 144, 145, 146, 147, 148, 149, 151, 152, 153, 154, 155, 156, 158, 159, 160, 161, 162, 163, 165, 166, 167, 168, 169, 170, 171, 172, 173, 174, 176, 177, 178, 179, 180, 183, 184, 185, 186, 187, 188, 189, 190, 191, 197, 198, 199, 201, 202, 203, 209, 210, 211, 212, 214, 215, 217, 218, 219, 220, 221, 222, 223, 224, 225, 226, 227, 228, 229, 230, 231, 232, 233, 234, 235, 236, 237, 238, 239, 240, 241, 242, 243, 244, 245, 248, 249, 252, 253, 254, 255, 256, 257, 258, 259, 260, 261, 262, 263, 268, 269, 270, 271, 272, 276, 277, 278, 279, 280, 282, 283, 284, 287, 288, 289, 290, 291, 292, 294, 295, 296, 297, 298, 299, 300, 301, 302, 303, 304, 306, 307, 308, 309, 310, 311, 312, 313, 314, 315, 316, 317, 318, 319, 323, 325, 326, 327, 328, 329, 330, 331, 333, 336, 337, 338, 339, 340, 341, 342, 343, 344, 345, 346, 347, 348, 349, 351, 352, 353, 355, 356, 357, 361, 362, 363, 364, 365, 366, 367, 369, 370, 371, 372, 373, 375, 377, 393, 399, 400, 401, 402, 403, 404, 405, 409, 410, 411, 416, 417, 418, 419, 420, 421, 422, 423, 424, 425, 426, 427, 430, 431, 432, 433, 434, 435, 437, 438, 439, 440, 442, 443, 444, 445, 450, 453, 454, 455, 456, 457, 458, 459, 460, 462, 463, 464, 465, 467, 468, 469, 470, 471, 472, 473, 474, 475, 476, 477, 478, 480, 482, 483, 484, 485, 486, 489, 490, 491, 492, 493, 494, 495, 497, 507, 508, 509, 511, 512, 513, 514, 515, 518, 519, 521, 522, 523, 524, 526, 527, 528, 531, 533, 534, 535, 536, 537, 538, 539, 540, 541, 542, 543, 544, 545, 546, 547, 548, 549, 550, 551, 553, 554, 556, 557, 559, 560, 561, 563, 564, 567, 568, 572, 574, 575, 576, 577, 578, 581, 582, 583, 584, 585, 588, 589, 591, 593, 594, 596, 597, 598, 600, 601, 604, 606, 607, 610, 611, 612, 613, 614, 615, 616, 619, 621, 622, 623, 624, 626, 627, 629, 631, 637, 638, 639, 640, 641, 642, 643, 644, 647, 650, 651, 652, 654, 655, 657, 662, 663, 664, 665, 667, 669, 671, 673, 678, 679, 681, 682, 686, 687, 690, 693, 694, 695, 696, 701, 702, 705, 706, 708, 709, 710, 712, 713, 714, 715, 717, 723, 724, 725, 726, 727, 728, 730, 733, 734, 736, 739, 740, 742, 745, 747, 748, 751, 752, 755, 756, 757, 758, 759, 764, 766, 767, 769, 770, 771, 775, 777, 778, 779, 780, 781, 783, 785, 786, 787, 788, 789, 790, 791, 792, 793, 796, 797, 799, 800, 801, 802, 807, 810, 811, 813, 814, 816, 817, 818, 820, 821, 822, 824, 825, 828, 829, 831, 833, 834, 837, 838, 839, 843, 844, 847, 848, 851, 853, 854, 855, 856, 857, 858, 859, 860, 862, 866, 867, 872, 875, 876, 877, 881, 882, 885, 887, 889, 890, 891, 892, 894, 895, 896, 898, 901, 902, 903, 905, 906, 907, 909, 911, 914, 919, 920, 923, 924, 925, 926, 927, 928, 930, 931, 932, 934, 937, 940, 941, 944, 945, 946, 950, 952, 954, 958, 962, 963, 964, 966, 968, 969, 970, 971, 972, 976, 977, 979, 980, 981, 983, 984, 989, 995, 999, 1002, 1003
2, 3, 4, 54, 55, 56, 57, 59, 102, 126, 138, 175, 192, 193, 194, 195, 208, 281, 285, 286, 305, 408, 412, 481, 516, 517, 520, 532, 552, 571, 586, 587, 625, 635, 646, 683, 685, 698, 718, 738, 743, 750, 762, 774, 784, 803, 806, 809, 812, 815, 826, 832, 845, 849, 863, 864, 865, 880, 884, 888, 899, 921, 949, 988, 990, 991, 993, 994, 1001, 1004
7, 8, 9, 11, 12, 43, 141, 213, 246, 247, 264, 265, 266, 267, 293, 324, 332, 358, 359, 360, 374, 406, 407, 441, 451, 452, 466, 487, 488, 496, 498, 499, 500, 501, 502, 503, 504, 505, 506, 510, 525, 529, 555, 558, 565, 566, 569, 570, 573, 602, 608, 649, 661, 666, 672, 674, 699, 700, 707, 720, 729, 754, 765, 804, 805, 823, 827, 830, 893, 912, 913, 922, 951, 956, 957, 967, 996
60, 61, 103, 104, 150, 157, 181, 182, 250, 320, 321, 368, 376, 378, 379, 380, 381, 382, 383, 384, 385, 386, 387, 388, 389, 390, 391, 392, 394, 395, 396, 397, 398, 479, 628, 632, 668, 680, 719, 741, 841, 868, 869, 904, 943, 947, 948, 960, 985
94, 196, 200, 204, 205, 206, 275, 413, 562, 776, 840, 850, 861, 871, 908, 910, 917, 918, 939, 942, 955, 965, 974, 1000
97, 354, 935
139, 140, 216, 273, 322, 334, 335, 428, 429, 446, 447, 448, 461, 579, 592, 617, 676, 735, 760, 794, 819, 929, 933
414, 415, 449, 603, 605, 697, 846, 916
436, 721, 722, 878, 883, 915, 953, 987, 997
580, 620, 633, 634, 636
648, 653, 658, 659, 660, 670
675, 684, 691, 703, 704, 711, 716, 731
732, 744, 746, 763
772, 773, 798, 808, 992
