0 53
0 19
0 4
0 6
0 72
0 21
0 63
0 40
0 60
0 29
0 66
0 11
1 41
1 6
1 36
1 42
1 47
1 25
1 56
1 28
1 64
1 15
1 62
1 76
1 11
1 71
1 44
1 66
1 67
1 20
1 53
1 54
1 78
1 23
1 26
1 77
2 11
2 9
2 32
2 30
2 40
2 42
2 77
2 4
2 51
2 10
2 31
2 15
2 16
2 47
2 54
2 46
2 50
3 41
3 4
3 72
3 59
3 74
3 57
3 11
3 21
3 35
3 30
3 52
3 8
4 75
4 59
4 20
4 79
4 45
4 65
4 42
5 21
5 37
5 27
5 67
5 66
5 53
5 18
5 30
5 32
5 40
5 7
5 73
5 12
5 57
5 33
5 49
5 36
5 77
5 15
5 50
6 40
6 41
6 60
6 7
6 18
6 47
6 11
6 48
6 68
6 21
6 20
6 22
7 76
7 26
7 62
7 77
7 13
7 45
7 66
7 54
7 71
8 62
8 42
8 31
8 26
8 45
8 21
8 79
8 65
8 25
8 60
8 68
8 33
8 20
8 64
9 63
9 67
9 47
9 79
9 71
9 56
9 38
9 60
9 37
9 11
9 76
9 46
10 48
10 39
10 34
10 21
10 69
10 47
10 46
10 68
10 53
10 67
10 54
10 50
10 73
10 75
10 74
11 14
11 70
11 58
11 54
11 52
11 61
11 32
11 71
11 23
12 77
12 70
12 73
12 65
12 31
12 16
12 28
12 36
13 60
13 73
13 45
13 43
13 63
13 15
13 33
13 64
13 59
13 49
13 18
14 77
14 68
14 33
14 29
14 26
14 38
15 70
15 48
15 36
15 60
15 64
15 18
15 30
16 42
16 23
16 31
16 65
16 52
16 21
16 53
16 79
16 37
16 28
16 76
16 17
16 33
17 35
17 62
17 34
17 22
17 19
17 63
18 70
18 50
18 25
18 57
18 21
18 24
18 78
18 69
18 66
18 20
18 76
18 40
18 44
19 59
19 56
19 34
19 72
19 62
19 67
19 53
19 40
19 33
19 47
19 29
19 63
20 54
20 36
20 56
20 52
20 60
20 41
21 69
21 48
21 56
21 58
21 57
21 72
21 67
21 41
21 37
21 54
21 52
22 64
22 72
22 38
22 23
23 46
23 43
23 48
23 79
23 77
23 63
23 31
23 70
23 72
23 65
23 33
24 54
24 30
24 69
24 78
24 56
25 67
25 61
25 74
25 65
25 45
25 44
25 33
26 48
26 50
26 39
26 49
26 42
26 56
26 46
26 62
26 75
27 74
27 76
27 36
27 68
27 51
27 71
28 68
28 75
28 59
28 34
28 66
28 42
29 30
29 56
29 60
29 61
29 46
29 42
29 31
29 34
29 77
29 39
30 68
30 64
30 33
30 52
30 41
30 76
30 50
30 36
30 62
30 46
31 77
31 38
31 53
32 66
32 74
32 36
32 39
32 49
33 59
33 72
33 43
33 65
33 48
33 51
33 60
34 44
34 39
34 51
34 76
34 56
34 35
34 67
35 72
35 46
35 65
35 41
35 39
35 61
36 67
36 60
36 52
36 63
36 44
37 50
37 46
37 57
37 59
37 53
37 58
38 72
38 65
38 47
38 54
38 45
38 70
38 40
39 45
39 49
39 46
39 56
39 42
39 65
40 73
40 57
40 72
40 51
40 43
40 42
40 58
40 48
40 79
41 51
41 57
41 42
42 69
42 71
42 70
42 58
43 68
43 47
43 46
43 57
43 75
44 56
44 66
44 50
44 61
44 47
44 71
45 48
45 52
45 73
45 62
45 65
45 60
45 76
45 49
46 53
46 55
46 64
46 49
46 73
47 70
47 75
48 60
48 67
48 71
48 57
48 70
49 60
49 56
49 51
49 59
50 64
50 62
50 71
50 74
50 76
50 54
51 55
51 68
51 62
51 63
51 75
52 58
52 69
52 66
52 65
52 56
52 68
52 76
53 69
53 60
53 61
53 79
54 71
54 65
54 56
54 72
54 70
54 57
55 69
55 63
55 64
55 58
55 76
56 78
56 76
56 74
56 73
57 75
57 73
57 71
58 69
58 67
58 79
58 65
59 77
59 64
60 72
60 61
61 68
61 79
61 76
61 78
62 71
62 77
63 64
63 77
65 71
65 76
66 68
66 71
67 70
67 75
68 77
69 72
69 75
69 76
70 74
70 78
71 72
71 75
73 78
74 79
75 79
